 -4.67658E+01,+1.54506E+01
 -4.66476E+01,+1.60187E+01
 -4.65287E+01,+1.65868E+01
 -4.65887E+01,+1.66067E+01
 -4.64982E+01,+1.70865E+01
 -4.64072E+01,+1.75663E+01
 -4.65202E+01,+1.75883E+01
 -4.63907E+01,+1.84220E+01
 -4.63182E+01,+1.84215E+01
 -4.62243E+01,+1.89351E+01
 -4.61844E+01,+1.89319E+01
 -4.60932E+01,+1.93773E+01
 -4.60015E+01,+1.98227E+01
 -4.59398E+01,+1.98022E+01
 -4.57737E+01,+2.06180E+01
 -4.55570E+01,+2.05958E+01
 -4.54187E+01,+2.12217E+01
 -4.55152E+01,+2.12465E+01
 -4.53853E+01,+2.18223E+01
 -4.52483E+01,+2.18064E+01
 -4.51574E+01,+2.23898E+01
 -4.50658E+01,+2.29731E+01
 -4.50239E+01,+2.29632E+01
 -4.49245E+01,+2.36459E+01
 -4.56993E+01,+2.37836E+01
 -4.64758E+01,+2.39174E+01
 -4.61961E+01,+2.45974E+01
 -4.61188E+01,+2.45904E+01
 -4.57915E+01,+2.52542E+01
 -4.54988E+01,+2.51918E+01
 -4.52960E+01,+2.56367E+01
 -4.50917E+01,+2.60814E+01
 -4.48989E+01,+2.60554E+01
 -4.48163E+01,+2.62700E+01
 -4.48666E+01,+2.62796E+01
 -4.46870E+01,+2.67668E+01
 -4.45059E+01,+2.72538E+01
 -4.43831E+01,+2.72355E+01
 -4.42031E+01,+2.76713E+01
 -4.40217E+01,+2.81069E+01
 -4.39423E+01,+2.81049E+01
 -4.35632E+01,+2.88108E+01
 -4.34828E+01,+2.88021E+01
 -4.30882E+01,+2.94691E+01
 -4.30373E+01,+2.94714E+01
 -4.27286E+01,+3.00697E+01
 -4.21364E+01,+2.99733E+01
 -4.17857E+01,+3.06056E+01
 -4.14304E+01,+3.12370E+01
 -4.11836E+01,+3.11941E+01
 -4.07100E+01,+3.18173E+01
 -4.05526E+01,+3.18025E+01
 -4.01293E+01,+3.24440E+01
 -3.96999E+01,+3.30841E+01
 -3.95860E+01,+3.30673E+01
 -3.93993E+01,+3.37676E+01
 -3.85972E+01,+3.36370E+01
 -3.77975E+01,+3.35012E+01
 -3.76776E+01,+3.37362E+01
 -3.75328E+01,+3.37052E+01
 -3.73364E+01,+3.41362E+01
 -3.72446E+01,+3.41238E+01
 -3.70461E+01,+3.45669E+01
 -3.68618E+01,+3.45542E+01
 -3.67846E+01,+3.47122E+01
 -3.66231E+01,+3.46929E+01
 -3.63731E+01,+3.52798E+01
 -3.55584E+01,+3.51477E+01
 -3.47464E+01,+3.50102E+01
 -3.44595E+01,+3.56246E+01
 -3.43354E+01,+3.56160E+01
 -3.41424E+01,+3.60794E+01
 -3.40568E+01,+3.60713E+01
 -3.39816E+01,+3.62212E+01
 -3.37717E+01,+3.61850E+01
 -3.35947E+01,+3.67422E+01
 -3.33135E+01,+3.66910E+01
 -3.32246E+01,+3.69408E+01
 -3.30049E+01,+3.69159E+01
 -3.29431E+01,+3.70654E+01
 -3.27077E+01,+3.70333E+01
 -3.26456E+01,+3.71763E+01
 -3.23946E+01,+3.71369E+01
 -3.22826E+01,+3.73915E+01
 -3.15164E+01,+3.72823E+01
 -3.13713E+01,+3.77049E+01
 -3.10706E+01,+3.76802E+01
 -3.06055E+01,+3.84025E+01
 -3.04301E+01,+3.83883E+01
 -3.01714E+01,+3.88880E+01
 -2.99091E+01,+3.93871E+01
 -2.97698E+01,+3.93996E+01
 -2.97698E+01,+3.93996E+01
 -2.96089E+01,+3.99928E+01
 -2.96127E+01,+4.00328E+01
 -2.95802E+01,+4.00788E+01
 -2.95881E+01,+4.01065E+01
 -2.96565E+01,+4.01068E+01
 -2.96398E+01,+4.02082E+01
 -2.96313E+01,+4.02851E+01
 -2.95984E+01,+4.03835E+01
 -2.95695E+01,+4.04695E+01
 -2.95770E+01,+4.05495E+01
 -2.95605E+01,+4.05987E+01
 -2.93460E+01,+4.05699E+01
 -2.92999E+01,+4.07050E+01
 -2.92777E+01,+4.08710E+01
 -2.92560E+01,+4.09847E+01
 -2.92420E+01,+4.11261E+01
 -2.92286E+01,+4.12153E+01
 -2.93223E+01,+4.12467E+01
 -2.92920E+01,+4.13849E+01
 -2.92452E+01,+4.15200E+01
 -2.92060E+01,+4.16828E+01
 -2.92003E+01,+4.17997E+01
 -2.91616E+01,+4.19101E+01
 -2.92606E+01,+4.19294E+01
 -2.92420E+01,+4.20831E+01
 -2.92449E+01,+4.21754E+01
 -2.92233E+01,+4.22368E+01
 -2.92226E+01,+4.22891E+01
 -2.94347E+01,+4.22905E+01
 -2.93918E+01,+4.24133E+01
 -2.93696E+01,+4.25271E+01
 -2.93394E+01,+4.26130E+01
 -2.93177E+01,+4.26744E+01
 -2.93214E+01,+4.27145E+01
 -2.93715E+01,+4.27240E+01
 -2.93492E+01,+4.28378E+01
 -2.93268E+01,+4.29515E+01
 -2.93175E+01,+4.30284E+01
 -2.93168E+01,+4.30807E+01
 -2.91736E+01,+4.30796E+01
 -2.90914E+01,+4.32082E+01
 -2.90079E+01,+4.33890E+01
 -2.89339E+01,+4.34929E+01
 -2.88845E+01,+4.36278E+01
 -2.88405E+01,+4.36981E+01
 -2.87964E+01,+4.37684E+01
 -2.85237E+01,+4.37680E+01
 -2.85131E+01,+4.38448E+01
 -2.84809E+01,+4.39305E+01
 -2.84827E+01,+4.40229E+01
 -2.84549E+01,+4.40963E+01
 -2.84364E+01,+4.41453E+01
 -2.84349E+01,+4.41976E+01
 -2.83666E+01,+4.41843E+01
 -2.83200E+01,+4.43067E+01
 -2.82825E+01,+4.44046E+01
 -2.82574E+01,+4.45180E+01
 -2.82150E+01,+4.46281E+01
 -2.81676E+01,+4.47505E+01
 -2.81438E+01,+4.48116E+01
 -2.81421E+01,+4.48639E+01
 -2.81057E+01,+4.49094E+01
 -2.81575E+01,+4.49196E+01
 -2.81385E+01,+4.49685E+01
 -2.81146E+01,+4.50296E+01
 -2.81002E+01,+4.50663E+01
 -2.80763E+01,+4.51274E+01
 -2.79945E+01,+4.50983E+01
 -2.79877E+01,+4.51628E+01
 -2.79857E+01,+4.52151E+01
 -2.79790E+01,+4.52796E+01
 -2.79721E+01,+4.53441E+01
 -2.79374E+01,+4.53373E+01
 -2.79354E+01,+4.53896E+01
 -2.79382E+01,+4.54296E+01
 -2.79236E+01,+4.54663E+01
 -2.78714E+01,+4.54561E+01
 -2.78616E+01,+4.54805E+01
 -2.78644E+01,+4.55206E+01
 -2.78770E+01,+4.55362E+01
 -2.78246E+01,+4.55259E+01
 -2.77952E+01,+4.55992E+01
 -2.77734E+01,+4.57003E+01
 -2.77592E+01,+4.58293E+01
 -2.77394E+01,+4.58782E+01
 -2.76994E+01,+4.58835E+01
 -2.76971E+01,+4.59358E+01
 -2.76773E+01,+4.59846E+01
 -2.76020E+01,+4.59830E+01
 -2.75847E+01,+4.60719E+01
 -2.75723E+01,+4.61486E+01
 -2.75649E+01,+4.62131E+01
 -2.75120E+01,+4.62027E+01
 -2.74893E+01,+4.63037E+01
 -2.74868E+01,+4.63560E+01
 -2.74717E+01,+4.64850E+01
 -2.74463E+01,+4.66383E+01
 -2.74437E+01,+4.66906E+01
 -2.74360E+01,+4.67551E+01
 -2.73775E+01,+4.67568E+01
 -2.73774E+01,+4.68491E+01
 -2.73466E+01,+4.69223E+01
 -2.73336E+01,+4.69990E+01
 -2.73819E+01,+4.71140E+01
 -2.74407E+01,+4.72047E+01
 -2.74741E+01,+4.72640E+01
 -2.74612E+01,+4.73406E+01
 -2.74585E+01,+4.73929E+01
 -2.74636E+01,+4.74731E+01
 -2.74429E+01,+4.75219E+01
 -2.74480E+01,+4.76020E+01
 -2.74635E+01,+4.76578E+01
 -2.75644E+01,+4.76508E+01
 -2.75905E+01,+4.77746E+01
 -2.76218E+01,+4.78861E+01
 -2.76351E+01,+4.79942E+01
 -2.76536E+01,+4.80900E+01
 -2.77036E+01,+4.82050E+01
 -2.77118E+01,+4.83252E+01
 -2.77306E+01,+4.84210E+01
 -2.77494E+01,+4.85169E+01
 -2.77602E+01,+4.85848E+01
 -2.78895E+01,+4.86089E+01
 -2.80108E+01,+4.86050E+01
 -2.80353E+01,+4.86885E+01
 -2.80868E+01,+4.88034E+01
 -2.81622E+01,+4.89093E+01
 -2.82058E+01,+4.89962E+01
 -2.82631E+01,+4.90987E+01
 -2.83174E+01,+4.91611E+01
 -2.83530E+01,+4.92201E+01
 -2.84262E+01,+4.92858E+01
 -2.84518E+01,+4.93693E+01
 -2.84861E+01,+4.94806E+01
 -2.85446E+01,+4.95830E+01
 -2.85619E+01,+4.96386E+01
 -2.87183E+01,+4.96528E+01
 -2.88181E+01,+4.96570E+01
 -2.88686E+01,+4.97314E+01
 -2.88952E+01,+4.98148E+01
 -2.89600E+01,+4.99047E+01
 -2.89868E+01,+4.99880E+01
 -2.89947E+01,+5.00681E+01
 -2.90217E+01,+5.01515E+01
 -2.91265E+01,+5.01954E+01
 -2.91982E+01,+5.02206E+01
 -2.93218E+01,+5.03199E+01
 -2.94266E+01,+5.04159E+01
 -2.95081E+01,+5.04686E+01
 -2.95368E+01,+5.04995E+01
 -2.96619E+01,+5.05984E+01
 -2.97680E+01,+5.06941E+01
 -2.98309E+01,+5.07435E+01
 -2.98746E+01,+5.07897E+01
 -2.99085E+01,+5.08605E+01
 -2.99425E+01,+5.09313E+01
 -2.99815E+01,+5.09898E+01
 -2.99765E+01,+5.11067E+01
 -3.00010E+01,+5.12544E+01
 -2.99961E+01,+5.14236E+01
 -3.00010E+01,+5.16205E+01
 -3.00060E+01,+5.17652E+01
 -3.00110E+01,+5.18575E+01
 -3.00361E+01,+5.19528E+01
 -3.00262E+01,+5.20297E+01
 -3.03764E+01,+5.20568E+01
 -3.08074E+01,+5.20945E+01
 -3.10579E+01,+5.21048E+01
 -3.12684E+01,+5.21089E+01
 -3.12527E+01,+5.22628E+01
 -3.12651E+01,+5.23427E+01
 -3.12573E+01,+5.24197E+01
 -3.15817E+01,+5.24649E+01
 -3.18660E+01,+5.25038E+01
 -3.20535E+01,+5.25160E+01
 -3.23589E+01,+5.25564E+01
 -3.26486E+01,+5.25810E+01
 -3.28570E+01,+5.25946E+01
 -3.30204E+01,+5.26151E+01
 -3.33354E+01,+5.26281E+01
 -3.37119E+01,+5.26477E+01
 -3.41745E+01,+5.26630E+01
 -3.45719E+01,+5.26822E+01
 -3.49248E+01,+5.27080E+01
 -3.48837E+01,+5.27036E+01
 -3.50107E+01,+5.27044E+01
 -3.51376E+01,+5.27051E+01
 -3.51561E+01,+5.28611E+01
 -3.51613E+01,+5.29901E+01
 -3.51837E+01,+5.31336E+01
 -3.51828E+01,+5.32105E+01
 -3.53248E+01,+5.32380E+01
 -3.52818E+01,+5.33875E+01
 -3.52565E+01,+5.34747E+01
 -3.52457E+01,+5.35121E+01
 -3.54517E+01,+5.35459E+01
 -3.53950E+01,+5.36684E+01
 -3.53272E+01,+5.38282E+01
 -3.52698E+01,+5.39507E+01
 -3.52012E+01,+5.41105E+01
 -3.51469E+01,+5.42204E+01
 -3.51210E+01,+5.43076E+01
 -3.53132E+01,+5.43269E+01
 -3.54878E+01,+5.43313E+01
 -3.54123E+01,+5.45161E+01
 -3.53651E+01,+5.46781E+01
 -3.52890E+01,+5.47860E+01
 -3.52739E+01,+5.49127E+01
 -3.52120E+01,+5.49707E+01
 -3.53386E+01,+5.49959E+01
 -3.52508E+01,+5.51412E+01
 -3.51732E+01,+5.53259E+01
 -3.50804E+01,+5.54835E+01
 -3.49717E+01,+5.56909E+01
 -3.49006E+01,+5.57738E+01
 -3.48774E+01,+5.58485E+01
 -3.46376E+01,+5.58119E+01
 -3.46203E+01,+5.59386E+01
 -3.45583E+01,+5.60608E+01
 -3.45104E+01,+5.62101E+01
 -3.44927E+01,+5.63368E+01
 -3.44604E+01,+5.64363E+01
 -3.44402E+01,+5.64985E+01
 -3.43460E+01,+5.65020E+01
 -3.43214E+01,+5.65766E+01
 -3.42474E+01,+5.66592E+01
 -3.42185E+01,+5.67462E+01
 -3.40724E+01,+5.67388E+01
 -3.40430E+01,+5.67799E+01
 -3.40035E+01,+5.68274E+01
 -3.39781E+01,+5.69019E+01
 -3.37961E+01,+5.68833E+01
 -3.36824E+01,+5.68715E+01
 -3.35871E+01,+5.68745E+01
 -3.35662E+01,+5.70010E+01
 -3.35354E+01,+5.70880E+01
 -3.35090E+01,+5.71625E+01
 -3.34966E+01,+5.72643E+01
 -3.33773E+01,+5.72647E+01
 -3.32031E+01,+5.72849E+01
 -3.30703E+01,+5.74512E+01
 -3.30104E+01,+5.75480E+01
 -3.29641E+01,+5.76076E+01
 -3.29177E+01,+5.76671E+01
 -3.28065E+01,+5.76422E+01
 -3.27082E+01,+5.77735E+01
 -3.26188E+01,+5.78800E+01
 -3.24918E+01,+5.79566E+01
 -3.24724E+01,+5.80062E+01
 -3.22805E+01,+5.79979E+01
 -3.21225E+01,+5.81484E+01
 -3.19835E+01,+5.82492E+01
 -3.18723E+01,+5.83402E+01
 -3.17996E+01,+5.83967E+01
 -3.17451E+01,+5.84683E+01
 -3.15560E+01,+5.84466E+01
 -3.14274E+01,+5.85743E+01
 -3.13031E+01,+5.86896E+01
 -3.11780E+01,+5.88048E+01
 -3.10392E+01,+5.88923E+01
 -3.09770E+01,+5.89759E+01
 -3.07911E+01,+5.89408E+01
 -3.06466E+01,+5.90925E+01
 -3.04527E+01,+5.92383E+01
 -3.03055E+01,+5.93897E+01
 -3.01630E+01,+5.95286E+01
 -3.00429E+01,+5.96182E+01
 -2.98495E+01,+5.97508E+01
 -2.96362E+01,+5.98678E+01
 -2.95075E+01,+5.99692E+01
 -2.93717E+01,+6.00827E+01
 -2.93717E+01,+6.00827E+01
 -2.92245E+01,+6.01678E+01
 -2.91180E+01,+6.02731E+01
 -2.90285E+01,+6.03399E+01
 -2.89266E+01,+6.03334E+01
 -2.88286E+01,+6.04186E+01
 -2.86416E+01,+6.05661E+01
 -2.84077E+01,+6.07045E+01
 -2.81924E+01,+6.08483E+01
 -2.80237E+01,+6.09563E+01
 -2.78545E+01,+6.10664E+01
 -2.75817E+01,+6.12519E+01
 -2.73888E+01,+6.13976E+01
 -2.72257E+01,+6.15320E+01
 -2.70316E+01,+6.16654E+01
 -2.67680E+01,+6.18252E+01
 -2.65265E+01,+6.19392E+01
 -2.63089E+01,+6.21050E+01
 -2.61072E+01,+6.22373E+01
 -2.58748E+01,+6.23751E+01
 -2.56435E+01,+6.25031E+01
 -2.54487E+01,+6.26200E+01
 -2.53112E+01,+6.26137E+01
 -2.51564E+01,+6.27100E+01
 -2.50351E+01,+6.28003E+01
 -2.48881E+01,+6.29238E+01
 -2.47207E+01,+6.29922E+01
 -2.45193E+01,+6.31102E+01
 -2.42547E+01,+6.32297E+01
 -2.40095E+01,+6.33551E+01
 -2.37405E+01,+6.34737E+01
 -2.34873E+01,+6.35682E+01
 -2.33303E+01,+6.36508E+01
 -2.30586E+01,+6.36498E+01
 -2.28720E+01,+6.37673E+01
 -2.25374E+01,+6.38361E+01
 -2.20656E+01,+6.39224E+01
 -2.12976E+01,+6.40672E+01
 -2.07313E+01,+6.40171E+01
 -2.00967E+01,+6.39494E+01
 -1.92377E+01,+6.38625E+01
 -1.90407E+01,+6.39849E+01
 -1.86261E+01,+6.41823E+01
 -1.78218E+01,+6.44892E+01
 -1.73675E+01,+6.47367E+01
 -1.71410E+01,+6.49952E+01
 -1.70250E+01,+6.53793E+01
 -1.68594E+01,+6.56773E+01
 -1.66561E+01,+6.59435E+01
 -1.65068E+01,+6.62030E+01
 -1.77178E+01,+6.63645E+01
 -1.74735E+01,+6.66852E+01
 -1.82473E+01,+6.67807E+01
 -1.81180E+01,+6.69337E+01
 -1.90988E+01,+6.70581E+01
 -1.87562E+01,+6.74434E+01
 -1.84899E+01,+6.77376E+01
 -1.82203E+01,+6.80662E+01
 -1.78291E+01,+6.83998E+01
 -1.73917E+01,+6.86995E+01
 -1.71537E+01,+6.88649E+01
 -1.64874E+01,+6.88084E+01
 -1.62627E+01,+6.90379E+01
 -1.60335E+01,+6.92647E+01
 -1.57156E+01,+6.95499E+01
 -1.57156E+01,+6.95499E+01
 -1.54245E+01,+6.98397E+01
 -1.50245E+01,+7.01685E+01
 -1.47339E+01,+7.03891E+01
 -1.44479E+01,+7.03539E+01
 -1.42367E+01,+7.05174E+01
 -1.40364E+01,+7.07261E+01
 -1.38924E+01,+7.08158E+01
 -1.33957E+01,+7.07716E+01
 -1.29046E+01,+7.06977E+01
 -1.22549E+01,+7.05630E+01
 -1.20094E+01,+7.07065E+01
 -1.16689E+01,+7.08763E+01
 -1.13563E+01,+7.10519E+01
 -1.18649E+01,+7.11472E+01
 -1.23591E+01,+7.12522E+01
 -1.21057E+01,+7.13958E+01
 -1.17138E+01,+7.15878E+01
 -1.13695E+01,+7.17744E+01
 -1.03560E+01,+7.16145E+01
 -9.39339E+00,+7.14561E+01
 -7.94124E+00,+7.12166E+01
 -7.37469E+00,+7.11248E+01
 -6.89992E+00,+7.12816E+01
 -6.33268E+00,+7.13872E+01
 -5.91711E+00,+7.14646E+01
 -5.69853E+00,+7.15398E+01
 -5.15729E+00,+7.14310E+01
 -4.74125E+00,+7.13332E+01
 -4.36039E+00,+7.14324E+01
 -4.07245E+00,+7.14905E+01
 -3.69231E+00,+7.13980E+01
 -2.93661E+00,+7.15002E+01
 -2.39894E+00,+7.15917E+01
 -1.74252E+00,+7.16851E+01
 -9.75025E-01,+7.18151E+01
 -3.92476E-01,+7.19105E+01
 +2.81065E-01,+7.20148E+01
 +9.00715E-01,+7.21337E+01
 +1.99058E+00,+7.23278E+01
 +2.78103E+00,+7.24331E+01
 +3.60937E+00,+7.25801E+01
 +4.29990E+00,+7.26970E+01
 +4.96961E+00,+7.28205E+01
 +5.58598E+00,+7.29243E+01
 +6.05514E+00,+7.30188E+01
 +6.78173E+00,+7.31448E+01
 +7.07072E+00,+7.32035E+01
 +7.39100E+00,+7.32524E+01
 +7.79122E+00,+7.33712E+01
 +8.15023E+00,+7.34272E+01
 +8.38583E+00,+7.34853E+01
 +8.65212E+00,+7.35335E+01
 +8.83803E+00,+7.36282E+01
 +8.95698E+00,+7.37064E+01
 +9.03691E+00,+7.37585E+01
 +9.13963E+00,+7.38820E+01
 +9.20295E+00,+7.39795E+01
 +9.20769E+00,+7.40964E+01
 +9.15258E+00,+7.42327E+01
 +9.13259E+00,+7.43772E+01
 +8.98399E+00,+7.45426E+01
 +8.78099E+00,+7.47631E+01
 +8.63037E+00,+7.49462E+01
 +8.46028E+00,+7.50755E+01
 +8.21220E+00,+7.51882E+01
 +7.94643E+00,+7.53817E+01
 +7.84163E+00,+7.55273E+01
 +7.60333E+00,+7.57289E+01
 +7.59292E+00,+7.59807E+01
 +7.51523E+00,+7.61167E+01
 +7.48044E+00,+7.62790E+01
 +7.55713E+00,+7.64307E+01
 +7.56302E+00,+7.66015E+01
 +7.61545E+00,+7.67985E+01
 +7.62226E+00,+7.69692E+01
 +7.67201E+00,+7.71484E+01
 +7.80900E+00,+7.74791E+01
 +7.88003E+00,+7.77119E+01
 +7.77119E+00,+7.79112E+01
 +7.82691E+00,+7.80903E+01
 +7.78484E+00,+7.82347E+01
 +6.77554E+00,+7.84438E+01
 +5.59209E+00,+7.86410E+01
 +4.69068E+00,+7.88058E+01
 +3.85706E+00,+7.89500E+01
 +3.43173E+00,+7.90302E+01
 +3.90068E+00,+7.92280E+01
 +4.39026E+00,+7.95327E+01
 +3.29588E+00,+7.96575E+01
 +2.37761E+00,+7.97797E+01
 +1.48660E+00,+7.99085E+01
 +6.27928E-01,+8.00264E+01
 -2.50723E-01,+8.01421E+01
 -9.68769E-01,+8.02132E+01
 -1.76559E+00,+8.03085E+01
 -2.34079E+00,+8.03704E+01
 -1.68388E+00,+8.06248E+01
 -2.94156E+00,+8.07555E+01
 -3.36375E+00,+8.07922E+01
 -2.77949E+00,+8.09929E+01
 -2.41413E+00,+8.11256E+01
 -3.45411E+00,+8.12505E+01
 -4.64116E+00,+8.13697E+01
 -4.15208E+00,+8.15521E+01
 -3.90911E+00,+8.16203E+01
 -5.03297E+00,+8.19128E+01
 -4.53664E+00,+8.20501E+01
 -3.79607E+00,+8.22903E+01
 -3.69993E+00,+8.23281E+01
 -5.00975E+00,+8.25194E+01
 -5.86541E+00,+8.26912E+01
 -7.21240E+00,+8.28685E+01
 -6.23430E+00,+8.30004E+01
 -5.15419E+00,+8.32491E+01
 -4.14804E+00,+8.34296E+01
 -3.20433E+00,+8.35703E+01
 -2.36257E+00,+8.36896E+01
 -1.20617E+00,+8.38642E+01
 -4.69122E-01,+8.39965E+01
 +4.04991E-01,+8.41017E+01
 +1.30114E+00,+8.42233E+01
 +2.23513E+00,+8.43435E+01
 +3.02402E+00,+8.44618E+01
 +3.84819E+00,+8.45611E+01
 +4.03467E+00,+8.45969E+01
 +4.50755E+00,+8.45702E+01
 +5.17750E+00,+8.46321E+01
 +6.66540E+00,+8.47622E+01
 +8.13393E+00,+8.48982E+01
 +8.93766E+00,+8.50094E+01
 +9.80850E+00,+8.49579E+01
 +1.06588E+01,+8.50670E+01
 +1.17036E+01,+8.51373E+01
 +1.32420E+01,+8.52814E+01
 +1.46662E+01,+8.53797E+01
 +1.60626E+01,+8.54855E+01
 +1.78900E+01,+8.55912E+01
 +1.92845E+01,+8.56842E+01
 +2.13426E+01,+8.57987E+01
 +2.33470E+01,+8.58174E+01
 +2.53828E+01,+8.58591E+01
 +2.74273E+01,+8.58674E+01
 +2.81433E+01,+8.58745E+01
 +2.92294E+01,+8.58101E+01
 +3.09721E+01,+8.59083E+01
 +3.33400E+01,+8.60534E+01
 +3.56067E+01,+8.61607E+01
 +3.83013E+01,+8.62915E+01
 +4.17555E+01,+8.64316E+01
 +4.34795E+01,+8.64958E+01
 +4.63137E+01,+8.65612E+01
 +4.60625E+01,+8.65982E+01
 +4.75235E+01,+8.66406E+01
 +5.07696E+01,+8.67060E+01
 +5.45614E+01,+8.67459E+01
 +5.80178E+01,+8.67875E+01
 +6.15056E+01,+8.68049E+01
 +6.24625E+01,+8.67548E+01
 +6.65438E+01,+8.66549E+01
 +6.63010E+01,+8.66065E+01
 +6.97522E+01,+8.64724E+01
 +6.82081E+01,+8.63058E+01
 +7.09259E+01,+8.62026E+01
 +7.29842E+01,+8.61063E+01
 +7.50293E+01,+8.59885E+01
 +7.63260E+01,+8.59167E+01
 +7.84034E+01,+8.57682E+01
 +8.11027E+01,+8.56388E+01
 +8.31425E+01,+8.55560E+01
 +8.48021E+01,+8.54998E+01
 +8.68021E+01,+8.54175E+01
 +8.84863E+01,+8.53456E+01
 +8.99804E+01,+8.52957E+01
 +9.23129E+01,+8.52292E+01
 +9.41554E+01,+8.51545E+01
 +9.58392E+01,+8.51018E+01
 +9.72727E+01,+8.50279E+01
 +9.85682E+01,+8.49604E+01
 +9.94436E+01,+8.49108E+01
 +1.02918E+02,+8.46639E+01
 +1.03943E+02,+8.45785E+01
 +1.05302E+02,+8.44855E+01
 +1.06759E+02,+8.43686E+01
 +1.07709E+02,+8.42946E+01
 +1.08939E+02,+8.41936E+01
 +1.09727E+02,+8.41097E+01
 +1.10959E+02,+8.39655E+01
 +1.11974E+02,+8.38238E+01
 +1.12843E+02,+8.36744E+01
 +1.13723E+02,+8.35124E+01
 +1.14558E+02,+8.33209E+01
 +1.15258E+02,+8.31508E+01
 +1.15793E+02,+8.30141E+01
 +1.16582E+02,+8.27402E+01
 +1.17171E+02,+8.25394E+01
 +1.17755E+02,+8.22981E+01
 +1.19100E+02,+8.20874E+01
 +1.19984E+02,+8.15953E+01
 +1.21004E+02,+8.11146E+01
 +1.21898E+02,+8.06434E+01
 +1.22639E+02,+8.02061E+01
 +1.23408E+02,+7.97593E+01
 +1.25188E+02,+7.89901E+01
 +1.25679E+02,+7.81326E+01
 +1.25679E+02,+7.81326E+01
 +1.26457E+02,+7.76844E+01
 +1.27181E+02,+7.72341E+01
 +1.27634E+02,+7.66425E+01
 +1.28050E+02,+7.60501E+01
 +1.28519E+02,+7.54945E+01
 +1.28955E+02,+7.49380E+01
 +1.29595E+02,+7.44788E+01
 +1.30200E+02,+7.40179E+01
 +1.31263E+02,+7.33715E+01
 +1.32483E+02,+7.26946E+01
 +1.33267E+02,+7.22815E+01
 +1.34017E+02,+7.18654E+01
 +1.34854E+02,+7.12683E+01
 +1.35595E+02,+7.06916E+01
 +1.35962E+02,+7.05295E+01
 +1.36758E+02,+6.99536E+01
 +1.37368E+02,+6.96349E+01
 +1.38523E+02,+6.90423E+01
 +1.38963E+02,+6.84765E+01
 +1.39381E+02,+6.79097E+01
 +1.40330E+02,+6.74472E+01
 +1.41242E+02,+6.69794E+01
 +1.42503E+02,+6.66537E+01
 +1.43731E+02,+6.63181E+01
 +1.44344E+02,+6.58035E+01
 +1.44932E+02,+6.52865E+01
 +1.44932E+02,+6.52865E+01
 +1.46595E+02,+6.47332E+01
 +1.48191E+02,+6.41621E+01
 +1.49721E+02,+6.35742E+01
 +1.51189E+02,+6.29707E+01
 +1.52596E+02,+6.23526E+01
 +1.53946E+02,+6.17209E+01
 +1.55337E+02,+6.16067E+01
 +1.56717E+02,+6.14785E+01
 +1.58045E+02,+6.14068E+01
 +1.59367E+02,+6.13222E+01
 +1.60363E+02,+6.13128E+01
 +1.61359E+02,+6.12961E+01
 +1.62353E+02,+6.12721E+01
 +1.63345E+02,+6.12409E+01
 +1.65013E+02,+6.13376E+01
 +1.66691E+02,+6.14138E+01
 +1.67696E+02,+6.15055E+01
 +1.68706E+02,+6.15898E+01
 +1.69722E+02,+6.16666E+01
 +1.70743E+02,+6.17358E+01
 +1.70743E+02,+6.17358E+01
 +1.69865E+02,+6.10172E+01
 +1.69027E+02,+6.02932E+01
 +1.67623E+02,+5.98420E+01
 +1.66258E+02,+5.93762E+01
 +1.64930E+02,+5.88966E+01
 +1.64518E+02,+5.84869E+01
 +1.64115E+02,+5.80760E+01
 +1.63721E+02,+5.76638E+01
 +1.63336E+02,+5.72505E+01
 +1.62960E+02,+5.68360E+01
 +1.62592E+02,+5.64203E+01
 +1.63340E+02,+5.58170E+01
 +1.64066E+02,+5.52092E+01
 +1.64066E+02,+5.52092E+01
 +1.64847E+02,+5.49570E+01
 +1.65771E+02,+5.45884E+01
 +1.66407E+02,+5.42367E+01
 +1.67413E+02,+5.39060E+01
 +1.68188E+02,+5.35694E+01
 +1.68836E+02,+5.32079E+01
 +1.69752E+02,+5.28555E+01
 +1.70700E+02,+5.24979E+01
 +1.71847E+02,+5.20259E+01
 +1.72964E+02,+5.16839E+01
 +1.74219E+02,+5.14030E+01
 +1.75571E+02,+5.11082E+01
 +1.76720E+02,+5.08959E+01
 +1.77680E+02,+5.06976E+01
 +1.78498E+02,+5.06189E+01
 +1.79688E+02,+5.05055E+01
 -1.79202E+02,+5.04965E+01
 -1.78480E+02,+5.04903E+01
 -1.77758E+02,+5.04842E+01
 -1.77088E+02,+5.04960E+01
 -1.76223E+02,+5.05883E+01
 -1.75629E+02,+5.07447E+01
 -1.74907E+02,+5.08258E+01
 -1.74119E+02,+5.08963E+01
 -1.73328E+02,+5.09636E+01
 -1.72484E+02,+5.10693E+01
 -1.71634E+02,+5.11706E+01
 -1.70897E+02,+5.13061E+01
 -1.70159E+02,+5.14395E+01
 -1.69378E+02,+5.16322E+01
 -1.68972E+02,+5.17400E+01
 -1.67990E+02,+5.20007E+01
 -1.66819E+02,+5.22568E+01
 -1.66108E+02,+5.24527E+01
 -1.65390E+02,+5.26443E+01
 -1.64665E+02,+5.28183E+01
 -1.63934E+02,+5.29879E+01
 -1.63177E+02,+5.31800E+01
 -1.62413E+02,+5.33672E+01
 -1.61664E+02,+5.34964E+01
 -1.60910E+02,+5.36209E+01
 -1.60129E+02,+5.37408E+01
 -1.59344E+02,+5.38555E+01
 -1.57986E+02,+5.41008E+01
 -1.57067E+02,+5.43175E+01
 -1.56138E+02,+5.45272E+01
 -1.55239E+02,+5.47845E+01
 -1.54160E+02,+5.52390E+01
 -1.53164E+02,+5.56104E+01
 -1.52227E+02,+5.60583E+01
 -1.51218E+02,+5.63092E+01
 -1.50547E+02,+5.64994E+01
 -1.50081E+02,+5.66229E+01
 -1.49220E+02,+5.69251E+01
 -1.48257E+02,+5.73469E+01
 -1.47449E+02,+5.78319E+01
 -1.46759E+02,+5.83521E+01
 -1.46264E+02,+5.88138E+01
 -1.45756E+02,+5.92735E+01
 -1.45756E+02,+5.92735E+01
 -1.44977E+02,+5.95759E+01
 -1.44316E+02,+5.99182E+01
 -1.43332E+02,+6.02057E+01
 -1.42405E+02,+6.04650E+01
 -1.41598E+02,+6.04009E+01
 -1.41074E+02,+6.03099E+01
 -1.40128E+02,+6.03809E+01
 -1.39396E+02,+6.00897E+01
 -1.38860E+02,+5.97619E+01
 -1.38353E+02,+5.93357E+01
 -1.37819E+02,+5.89251E+01
 -1.37107E+02,+5.84379E+01
 -1.36895E+02,+5.80895E+01
 -1.36522E+02,+5.76342E+01
 -1.36209E+02,+5.71178E+01
 -1.35903E+02,+5.66210E+01
 -1.35429E+02,+5.61024E+01
 -1.35180E+02,+5.58186E+01
 -1.34669E+02,+5.53165E+01
 -1.34151E+02,+5.48122E+01
 -1.33840E+02,+5.43774E+01
 -1.33426E+02,+5.39241E+01
 -1.33093E+02,+5.35217E+01
 -1.32714E+02,+5.31270E+01
 -1.32169E+02,+5.26971E+01
 -1.31592E+02,+5.22591E+01
 -1.31177E+02,+5.18858E+01
 -1.30850E+02,+5.16121E+01
 -1.30850E+02,+5.16121E+01
 -1.30548E+02,+5.13981E+01
 -1.30212E+02,+5.12777E+01
 -1.29982E+02,+5.11013E+01
 -1.29738E+02,+5.08359E+01
 -1.29460E+02,+5.06472E+01
 -1.29010E+02,+5.04787E+01
 -1.28719E+02,+5.03103E+01
 -1.28414E+02,+5.00856E+01
 -1.28283E+02,+4.98847E+01
 -1.28029E+02,+4.97814E+01
 -1.27852E+02,+4.94906E+01
 -1.27818E+02,+4.90802E+01
 -1.27608E+02,+4.88768E+01
 -1.27378E+02,+4.87502E+01
 -1.27018E+02,+4.85646E+01
 -1.26733E+02,+4.82910E+01
 -1.26486E+02,+4.79956E+01
 -1.26370E+02,+4.77480E+01
 -1.26085E+02,+4.73503E+01
 -1.25998E+02,+4.69697E+01
 -1.25876E+02,+4.66433E+01
 -1.25773E+02,+4.62950E+01
 -1.25655E+02,+4.59461E+01
 -1.25517E+02,+4.54738E+01
 -1.25435E+02,+4.51036E+01
 -1.25437E+02,+4.48813E+01
 -1.25434E+02,+4.47254E+01
 -1.25376E+02,+4.46675E+01
 -1.25372E+02,+4.45227E+01
 -1.25372E+02,+4.43226E+01
 -1.25362E+02,+4.40663E+01
 -1.25429E+02,+4.40023E+01
 -1.25450E+02,+4.39254E+01
 -1.25480E+02,+4.37375E+01
 -1.25474E+02,+4.34260E+01
 -1.25394E+02,+4.32671E+01
 -1.25343E+02,+4.31426E+01
 -1.25289E+02,+4.30514E+01
 -1.25289E+02,+4.28624E+01
 -1.25268E+02,+4.25614E+01
 -1.25198E+02,+4.24917E+01
 -1.25209E+02,+4.23588E+01
 -1.25290E+02,+4.22845E+01
 -1.25331E+02,+4.21419E+01
 -1.25313E+02,+4.19856E+01
 -1.25281E+02,+4.18176E+01
 -1.25309E+02,+4.16522E+01
 -1.25182E+02,+4.13801E+01
 -1.25089E+02,+4.11354E+01
 -1.24933E+02,+4.08839E+01
 -1.24953E+02,+4.06333E+01
 -1.24742E+02,+4.03134E+01
 -1.24742E+02,+4.03134E+01
 -1.24416E+02,+4.03107E+01
 -1.24163E+02,+3.99142E+01
 -1.23890E+02,+3.94388E+01
 -1.23597E+02,+3.89971E+01
 -1.23305E+02,+3.85406E+01
 -1.22696E+02,+3.78740E+01
 -1.22380E+02,+3.75270E+01
 -1.22005E+02,+3.72048E+01
 -1.21305E+02,+3.66983E+01
 -1.20897E+02,+3.63377E+01
 -1.20438E+02,+3.59102E+01
 -1.19936E+02,+3.54502E+01
 -1.19329E+02,+3.49812E+01
 -1.18912E+02,+3.48373E+01
 -1.18400E+02,+3.46580E+01
 -1.18072E+02,+3.45641E+01
 -1.17746E+02,+3.44412E+01
 -1.17507E+02,+3.43498E+01
 -1.17159E+02,+3.41811E+01
 -1.16660E+02,+3.40424E+01
 -1.16209E+02,+3.37711E+01
 -1.15773E+02,+3.34211E+01
 -1.15773E+02,+3.34211E+01
 -1.15596E+02,+3.32366E+01
 -1.15717E+02,+3.31297E+01
 -1.15594E+02,+3.30402E+01
 -1.15508E+02,+3.29581E+01
 -1.15581E+02,+3.28760E+01
 -1.15412E+02,+3.27100E+01
 -1.15212E+02,+3.25118E+01
 -1.15330E+02,+3.24183E+01
 -1.15085E+02,+3.22359E+01
 -1.14765E+02,+3.19952E+01
 -1.14522E+02,+3.17860E+01
 -1.14332E+02,+3.16016E+01
 -1.14207E+02,+3.14585E+01
 -1.14118E+02,+3.13557E+01
 -1.14330E+02,+3.11936E+01
 -1.14439E+02,+3.10972E+01
 -1.14303E+02,+3.09123E+01
 -1.14129E+02,+3.06797E+01
 -1.13986E+02,+3.05134E+01
 -1.13807E+02,+3.03135E+01
 -1.14041E+02,+3.01205E+01
 -1.13909E+02,+2.99820E+01
 -1.13758E+02,+2.98344E+01
 -1.13870E+02,+2.97298E+01
 -1.13969E+02,+2.96458E+01
 -1.13775E+02,+2.94397E+01
 -1.13521E+02,+2.92054E+01
 -1.13281E+02,+2.90084E+01
 -1.13339E+02,+2.89498E+01
 -1.13087E+02,+2.87147E+01
 -1.12812E+02,+2.84987E+01
 -1.12589E+02,+2.83223E+01
 -1.12321E+02,+2.81249E+01
 -1.12015E+02,+2.79060E+01
 -1.11711E+02,+2.76935E+01
 -1.11506E+02,+2.75700E+01
 -1.11382E+02,+2.74969E+01
 -1.11569E+02,+2.72152E+01
 -1.11373E+02,+2.71053E+01
 -1.11506E+02,+2.69267E+01
 -1.11228E+02,+2.67234E+01
 -1.10957E+02,+2.65350E+01
 -1.10758E+02,+2.64159E+01
 -1.10680E+02,+2.63605E+01
 -1.10778E+02,+2.62249E+01
 -1.10572E+02,+2.60661E+01
 -1.10291E+02,+2.58895E+01
 -1.10024E+02,+2.57063E+01
 -1.09872E+02,+2.56073E+01
 -1.09806E+02,+2.55567E+01
 -1.10007E+02,+2.53392E+01
 -1.09788E+02,+2.51797E+01
 -1.09591E+02,+2.50163E+01
 -1.09350E+02,+2.48568E+01
 -1.09178E+02,+2.47348E+01
 -1.09062E+02,+2.46582E+01
 -1.09276E+02,+2.43960E+01
 -1.09002E+02,+2.41515E+01
 -1.08806E+02,+2.39844E+01
 -1.08610E+02,+2.38141E+01
 -1.08439E+02,+2.36743E+01
 -1.08357E+02,+2.36135E+01
 -1.08651E+02,+2.32413E+01
 -1.08388E+02,+2.30822E+01
 -1.08010E+02,+2.29857E+01
 -1.08232E+02,+2.27117E+01
 -1.08232E+02,+2.27117E+01
 -1.08273E+02,+2.26134E+01
 -1.08407E+02,+2.24401E+01
 -1.08527E+02,+2.22769E+01
 -1.08516E+02,+2.22011E+01
 -1.08589E+02,+2.21024E+01
 -1.08676E+02,+2.19596E+01
 -1.08582E+02,+2.19047E+01
 -1.08582E+02,+2.19047E+01
 -1.08397E+02,+2.18348E+01
 -1.08114E+02,+2.17200E+01
 -1.07928E+02,+2.16861E+01
 -1.07774E+02,+2.17397E+01
 -1.07586E+02,+2.17417E+01
 -1.07393E+02,+2.17478E+01
 -1.07171E+02,+2.17522E+01
 -1.07046E+02,+2.17536E+01
 -1.06890E+02,+2.17992E+01
 -1.06890E+02,+2.17992E+01
 -1.06862E+02,+2.17156E+01
 -1.06808E+02,+2.16403E+01
 -1.06757E+02,+2.14830E+01
 -1.06624E+02,+2.13106E+01
 -1.06551E+02,+2.12355E+01
 -1.06525E+02,+2.11838E+01
 -1.06442E+02,+2.11208E+01
 -1.06381E+02,+2.08397E+01
 -1.06387E+02,+2.06379E+01
 -1.06385E+02,+2.04281E+01
 -1.06352E+02,+2.02027E+01
 -1.06271E+02,+1.99158E+01
 -1.06121E+02,+1.96437E+01
 -1.05949E+02,+1.94019E+01
 -1.05739E+02,+1.91644E+01
 -1.05546E+02,+1.89807E+01
 -1.05247E+02,+1.87619E+01
 -1.05247E+02,+1.87619E+01
 -1.05043E+02,+1.86216E+01
 -1.04725E+02,+1.83684E+01
 -1.04406E+02,+1.82090E+01
 -1.04191E+02,+1.81383E+01
 -1.03792E+02,+1.79200E+01
 -1.03200E+02,+1.76155E+01
 -1.02432E+02,+1.72799E+01
 -1.01703E+02,+1.70256E+01
 -1.00867E+02,+1.66363E+01
 -1.00336E+02,+1.64424E+01
 -9.98060E+01,+1.62980E+01
 -9.94347E+01,+1.61340E+01
 -9.90281E+01,+1.59191E+01
 -9.85878E+01,+1.57715E+01
 -9.81657E+01,+1.56399E+01
 -9.76914E+01,+1.55080E+01
 -9.72174E+01,+1.53584E+01
 -9.67270E+01,+1.53601E+01
 -9.62190E+01,+1.53609E+01
 -9.57986E+01,+1.52765E+01
 -9.54663E+01,+1.50902E+01
 -9.51170E+01,+1.48866E+01
 -9.48729E+01,+1.46998E+01
 -9.45422E+01,+1.44786E+01
 -9.40552E+01,+1.42221E+01
 -9.36558E+01,+1.40161E+01
 -9.33094E+01,+1.37932E+01
 -9.29619E+01,+1.37221E+01
 -9.25992E+01,+1.34980E+01
 -9.22724E+01,+1.32233E+01
 -9.20632E+01,+1.32712E+01
 -9.17186E+01,+1.30801E+01
 -9.13079E+01,+1.28322E+01
 -9.08980E+01,+1.25837E+01
 -9.08980E+01,+1.25837E+01
 -9.08103E+01,+1.33941E+01
 -9.04260E+01,+1.39172E+01
 -9.00373E+01,+1.43923E+01
 -8.97180E+01,+1.48151E+01
 -8.93716E+01,+1.52150E+01
 -8.88764E+01,+1.56222E+01
 -8.83510E+01,+1.59583E+01
 -8.77228E+01,+1.62506E+01
 -8.69661E+01,+1.64759E+01
 -8.63195E+01,+1.66945E+01
 -8.56714E+01,+1.69110E+01
 -8.49097E+01,+1.71066E+01
 -8.42479E+01,+1.73440E+01
 -8.37058E+01,+1.74809E+01
 -8.28646E+01,+1.76257E+01
 -8.22442E+01,+1.76907E+01
 -8.16248E+01,+1.78016E+01
 -8.16893E+01,+1.83332E+01
 -8.17541E+01,+1.88647E+01
 -8.12563E+01,+1.89598E+01
 -8.07579E+01,+1.90536E+01
 -8.02095E+01,+1.91597E+01
 -7.96604E+01,+1.92642E+01
 -7.90110E+01,+1.93815E+01
 -7.83607E+01,+1.94965E+01
 -7.76726E+01,+1.96228E+01
 -7.69834E+01,+1.97465E+01
 -7.63564E+01,+1.98453E+01
 -7.57287E+01,+1.99419E+01
 -7.52388E+01,+1.99902E+01
 -7.47486E+01,+2.00372E+01
 -7.39942E+01,+2.01659E+01
 -7.32385E+01,+2.02913E+01
 -7.23322E+01,+2.03310E+01
 -7.18044E+01,+2.02665E+01
 -7.12771E+01,+2.02005E+01
 -7.06265E+01,+2.00022E+01
 -6.99775E+01,+1.98015E+01
 -6.94148E+01,+1.96961E+01
 -6.88528E+01,+1.95890E+01
 -6.80218E+01,+1.96870E+01
 -6.75313E+01,+1.97213E+01
 -6.70405E+01,+1.97543E+01
 -6.62594E+01,+1.98246E+01
 -6.56940E+01,+1.98288E+01
 -6.51285E+01,+1.98329E+01
 -6.43436E+01,+1.97794E+01
 -6.37601E+01,+1.97242E+01
 -6.33598E+01,+1.96915E+01
 -6.28467E+01,+1.95743E+01
 -6.21765E+01,+1.92752E+01
 -6.15534E+01,+1.89589E+01
 -6.15534E+01,+1.89589E+01
 -6.07526E+01,+1.92082E+01
 -5.99491E+01,+1.94547E+01
 -5.91305E+01,+1.93251E+01
 -5.83090E+01,+1.91922E+01
 -5.74928E+01,+1.90520E+01
 -5.68045E+01,+1.86941E+01
 -5.61185E+01,+1.82576E+01
 -5.54838E+01,+1.77843E+01
 -5.48525E+01,+1.73090E+01
 -5.41555E+01,+1.71359E+01
 -5.34599E+01,+1.69565E+01
 -5.28812E+01,+1.67607E+01
 -5.23037E+01,+1.65670E+01
 -5.16610E+01,+1.63210E+01
 -5.10241E+01,+1.60729E+01
 -5.04668E+01,+1.58704E+01
 -4.98027E+01,+1.59830E+01
 -4.92071E+01,+1.60346E+01
 -4.85146E+01,+1.60126E+01
 -4.76930E+01,+1.59566E+01
 -4.73984E+01,+1.58043E+01
 -4.67658E+01,+1.54506E+01
 -4.67658E+01,+1.54506E+01
