 +1.66154E+02,-1.37794E+01
 +1.66161E+02,-1.38276E+01
 +1.66204E+02,-1.39913E+01
 +1.66234E+02,-1.41805E+01
 +1.66250E+02,-1.43447E+01
 +1.66252E+02,-1.44205E+01
 +1.66268E+02,-1.45594E+01
 +1.66271E+02,-1.46859E+01
 +1.66262E+02,-1.48885E+01
 +1.66213E+02,-1.50413E+01
 +1.66228E+02,-1.51296E+01
 +1.66217E+02,-1.52437E+01
 +1.66193E+02,-1.53454E+01
 +1.66209E+02,-1.54337E+01
 +1.66225E+02,-1.55599E+01
 +1.66227E+02,-1.56737E+01
 +1.66270E+02,-1.57993E+01
 +1.66285E+02,-1.58875E+01
 +1.66340E+02,-1.59749E+01
 +1.66395E+02,-1.60875E+01
 +1.66450E+02,-1.61874E+01
 +1.66506E+02,-1.63000E+01
 +1.66562E+02,-1.64378E+01
 +1.66604E+02,-1.65380E+01
 +1.66659E+02,-1.66251E+01
 +1.66728E+02,-1.67372E+01
 +1.66810E+02,-1.68363E+01
 +1.66868E+02,-1.69866E+01
 +1.66950E+02,-1.70982E+01
 +1.67059E+02,-1.72090E+01
 +1.67155E+02,-1.73074E+01
 +1.67171E+02,-1.73955E+01
 +1.67215E+02,-1.75206E+01
 +1.67245E+02,-1.76335E+01
 +1.67275E+02,-1.77590E+01
 +1.67320E+02,-1.79219E+01
 +1.67350E+02,-1.80221E+01
 +1.67394E+02,-1.81472E+01
 +1.67424E+02,-1.82473E+01
 +1.67455E+02,-1.83601E+01
 +1.67486E+02,-1.84855E+01
 +1.67504E+02,-1.86113E+01
 +1.67521E+02,-1.87118E+01
 +1.67607E+02,-1.88859E+01
 +1.67680E+02,-1.90477E+01
 +1.67727E+02,-1.92356E+01
 +1.67812E+02,-1.93716E+01
 +1.67886E+02,-1.95332E+01
 +1.67943E+02,-1.96322E+01
 +1.68003E+02,-1.97690E+01
 +1.68075E+02,-1.98926E+01
 +1.68160E+02,-2.00031E+01
 +1.68191E+02,-2.00903E+01
 +1.68263E+02,-2.02012E+01
 +1.68335E+02,-2.03246E+01
 +1.68396E+02,-2.04737E+01
 +1.68512E+02,-2.06457E+01
 +1.68585E+02,-2.07815E+01
 +1.68645E+02,-2.08926E+01
 +1.68705E+02,-2.10162E+01
 +1.68776E+02,-2.11015E+01
 +1.68879E+02,-2.12610E+01
 +1.68996E+02,-2.14198E+01
 +1.69054E+02,-2.15055E+01
 +1.69143E+02,-2.16401E+01
 +1.69215E+02,-2.17250E+01
 +1.69288E+02,-2.18225E+01
 +1.69320E+02,-2.19092E+01
 +1.69419E+02,-2.19801E+01
 +1.69491E+02,-2.20522E+01
 +1.69577E+02,-2.21236E+01
 +1.69719E+02,-2.22298E+01
 +1.69835E+02,-2.23499E+01
 +1.69950E+02,-2.24447E+01
 +1.70036E+02,-2.25157E+01
 +1.70109E+02,-2.25873E+01
 +1.70221E+02,-2.26442E+01
 +1.70321E+02,-2.27017E+01
 +1.70420E+02,-2.27591E+01
 +1.70547E+02,-2.28274E+01
 +1.70660E+02,-2.28838E+01
 +1.70745E+02,-2.29166E+01
 +1.70842E+02,-2.29486E+01
 +1.70939E+02,-2.29680E+01
 +1.71037E+02,-2.29998E+01
 +1.71162E+02,-2.30299E+01
 +1.71288E+02,-2.30724E+01
 +1.71385E+02,-2.30915E+01
 +1.71496E+02,-2.31096E+01
 +1.71620E+02,-2.31268E+01
 +1.71703E+02,-2.31464E+01
 +1.71854E+02,-2.31491E+01
 +1.71950E+02,-2.31553E+01
 +1.72060E+02,-2.31730E+01
 +1.72197E+02,-2.31763E+01
 +1.72278E+02,-2.31707E+01
 +1.72361E+02,-2.31775E+01
 +1.72439E+02,-2.31781E+01
 +1.72439E+02,-2.31781E+01
 +1.72783E+02,-2.30686E+01
 +1.73040E+02,-2.30068E+01
 +1.73212E+02,-2.28339E+01
 +1.73606E+02,-2.28350E+01
 +1.74034E+02,-2.24881E+01
 +1.74034E+02,-2.24881E+01
 +1.74056E+02,-2.22358E+01
 +1.74090E+02,-2.18407E+01
 +1.74112E+02,-2.15779E+01
 +1.74115E+02,-2.13565E+01
 +1.74119E+02,-2.11477E+01
 +1.73379E+02,-2.11405E+01
 +1.73383E+02,-2.09949E+01
 +1.73380E+02,-2.08367E+01
 +1.73384E+02,-2.06245E+01
 +1.73351E+02,-2.03774E+01
 +1.73335E+02,-2.00860E+01
 +1.73360E+02,-1.98896E+01
 +1.73398E+02,-1.96616E+01
 +1.73429E+02,-1.94303E+01
 +1.73439E+02,-1.92211E+01
 +1.73453E+02,-1.89992E+01
 +1.73447E+02,-1.87740E+01
 +1.73425E+02,-1.85203E+01
 +1.73251E+02,-1.85324E+01
 +1.73409E+02,-1.82380E+01
 +1.73550E+02,-1.79623E+01
 +1.73660E+02,-1.76802E+01
 +1.73744E+02,-1.74900E+01
 +1.73880E+02,-1.71634E+01
 +1.73901E+02,-1.68493E+01
 +1.73901E+02,-1.68493E+01
 +1.73788E+02,-1.67984E+01
 +1.73718E+02,-1.67127E+01
 +1.73669E+02,-1.66143E+01
 +1.73593E+02,-1.64967E+01
 +1.73455E+02,-1.62585E+01
 +1.73567E+02,-1.61509E+01
 +1.73531E+02,-1.60271E+01
 +1.73485E+02,-1.59223E+01
 +1.73400E+02,-1.57793E+01
 +1.73555E+02,-1.56973E+01
 +1.73539E+02,-1.56053E+01
 +1.73516E+02,-1.55671E+01
 +1.73464E+02,-1.55036E+01
 +1.73428E+02,-1.54369E+01
 +1.73388E+02,-1.53607E+01
 +1.73359E+02,-1.52337E+01
 +1.73346E+02,-1.51544E+01
 +1.73320E+02,-1.50814E+01
 +1.73294E+02,-1.49925E+01
 +1.73259E+02,-1.48973E+01
 +1.73210E+02,-1.47703E+01
 +1.73178E+02,-1.46687E+01
 +1.73139E+02,-1.45100E+01
 +1.73019E+02,-1.42940E+01
 +1.72881E+02,-1.39649E+01
 +1.72740E+02,-1.36927E+01
 +1.72571E+02,-1.34106E+01
 +1.72571E+02,-1.34106E+01
 +1.72434E+02,-1.34349E+01
 +1.72300E+02,-1.34814E+01
 +1.72163E+02,-1.35688E+01
 +1.71972E+02,-1.36778E+01
 +1.71619E+02,-1.37500E+01
 +1.71296E+02,-1.37934E+01
 +1.71295E+02,-1.40659E+01
 +1.71181E+02,-1.40834E+01
 +1.70945E+02,-1.40926E+01
 +1.70642E+02,-1.40878E+01
 +1.70638E+02,-1.39420E+01
 +1.70150E+02,-1.39744E+01
 +1.69739E+02,-1.39535E+01
 +1.69739E+02,-1.38236E+01
 +1.69622E+02,-1.38084E+01
 +1.69456E+02,-1.38111E+01
 +1.69231E+02,-1.37995E+01
 +1.69234E+02,-1.36507E+01
 +1.69026E+02,-1.36393E+01
 +1.68792E+02,-1.36302E+01
 +1.68577E+02,-1.36024E+01
 +1.68596E+02,-1.35142E+01
 +1.68159E+02,-1.35147E+01
 +1.67157E+02,-1.36491E+01
 +1.66154E+02,-1.37794E+01
 +1.66154E+02,-1.37794E+01
