 +1.61228E+02,-6.14567E+01
 +1.61975E+02,-6.17630E+01
 +1.62579E+02,-6.22128E+01
 +1.63202E+02,-6.26599E+01
 +1.63773E+02,-6.24746E+01
 +1.64275E+02,-6.23219E+01
 +1.64768E+02,-6.21772E+01
 +1.65103E+02,-6.20772E+01
 +1.65653E+02,-6.24727E+01
 +1.65969E+02,-6.26676E+01
 +1.66620E+02,-6.30869E+01
 +1.66858E+02,-6.32206E+01
 +1.67550E+02,-6.29712E+01
 +1.68277E+02,-6.27732E+01
 +1.68708E+02,-6.26321E+01
 +1.69238E+02,-6.24461E+01
 +1.69605E+02,-6.26762E+01
 +1.70068E+02,-6.29724E+01
 +1.70441E+02,-6.31488E+01
 +1.71009E+02,-6.34473E+01
 +1.71640E+02,-6.38072E+01
 +1.72164E+02,-6.40974E+01
 +1.72520E+02,-6.42561E+01
 +1.73631E+02,-6.47379E+01
 +1.74242E+02,-6.45079E+01
 +1.74814E+02,-6.43149E+01
 +1.75162E+02,-6.41741E+01
 +1.75582E+02,-6.39840E+01
 +1.76063E+02,-6.41878E+01
 +1.76549E+02,-6.44101E+01
 +1.76819E+02,-6.45060E+01
 +1.77338E+02,-6.47362E+01
 +1.77889E+02,-6.49749E+01
 +1.78240E+02,-6.50791E+01
 +1.78759E+02,-6.52740E+01
 +1.79381E+02,-6.54773E+01
 +1.79963E+02,-6.57385E+01
 -1.79197E+02,-6.59859E+01
 -1.78793E+02,-6.61632E+01
 -1.77926E+02,-6.58623E+01
 -1.77072E+02,-6.56069E+01
 -1.75729E+02,-6.51825E+01
 -1.75070E+02,-6.55050E+01
 -1.74418E+02,-6.58352E+01
 -1.73709E+02,-6.55061E+01
 -1.72517E+02,-6.49783E+01
 -1.71300E+02,-6.43564E+01
 -1.70043E+02,-6.48585E+01
 -1.69839E+02,-6.47637E+01
 -1.69109E+02,-6.42448E+01
 -1.68379E+02,-6.37303E+01
 -1.67513E+02,-6.31060E+01
 -1.66608E+02,-6.24900E+01
 -1.66199E+02,-6.26056E+01
 -1.65149E+02,-6.30070E+01
 -1.63921E+02,-6.34667E+01
 -1.63001E+02,-6.29675E+01
 -1.62061E+02,-6.23936E+01
 -1.61338E+02,-6.26144E+01
 -1.60430E+02,-6.29233E+01
 -1.59888E+02,-6.25954E+01
 -1.58703E+02,-6.30044E+01
 -1.58394E+02,-6.27885E+01
 -1.57601E+02,-6.30700E+01
 -1.56717E+02,-6.33240E+01
 -1.56022E+02,-6.29525E+01
 -1.55254E+02,-6.24327E+01
 -1.54324E+02,-6.17762E+01
 -1.54181E+02,-6.18361E+01
 -1.53661E+02,-6.13992E+01
 -1.52943E+02,-6.08407E+01
 -1.52119E+02,-6.01575E+01
 -1.51329E+02,-5.94694E+01
 -1.50382E+02,-5.97176E+01
 -1.49809E+02,-5.93141E+01
 -1.49264E+02,-5.88221E+01
 -1.48276E+02,-5.81300E+01
 -1.47692E+02,-5.75547E+01
 -1.47167E+02,-5.76379E+01
 -1.46681E+02,-5.73076E+01
 -1.45979E+02,-5.66686E+01
 -1.45412E+02,-5.62277E+01
 -1.44857E+02,-5.57842E+01
 -1.44482E+02,-5.59103E+01
 -1.43324E+02,-5.62625E+01
 -1.42086E+02,-5.66193E+01
 -1.41211E+02,-5.68392E+01
 -1.40325E+02,-5.70528E+01
 -1.40041E+02,-5.67722E+01
 -1.39545E+02,-5.62678E+01
 -1.39191E+02,-5.57249E+01
 -1.39578E+02,-5.56146E+01
 -1.39253E+02,-5.52509E+01
 -1.38799E+02,-5.47123E+01
 -1.38338E+02,-5.41410E+01
 -1.37890E+02,-5.35679E+01
 -1.37522E+02,-5.36878E+01
 -1.36590E+02,-5.39067E+01
 -1.36180E+02,-5.33957E+01
 -1.35307E+02,-5.36430E+01
 -1.34205E+02,-5.38871E+01
 -1.32870E+02,-5.42371E+01
 -1.32126E+02,-5.44323E+01
 -1.31375E+02,-5.46229E+01
 -1.30059E+02,-5.49314E+01
 -1.29345E+02,-5.51286E+01
 -1.28624E+02,-5.53215E+01
 -1.27231E+02,-5.55654E+01
 -1.26800E+02,-5.50641E+01
 -1.26197E+02,-5.51382E+01
 -1.25077E+02,-5.54541E+01
 -1.24262E+02,-5.55873E+01
 -1.23442E+02,-5.57150E+01
 -1.22655E+02,-5.58731E+01
 -1.21862E+02,-5.60262E+01
 -1.21635E+02,-5.58321E+01
 -1.21228E+02,-5.52189E+01
 -1.20663E+02,-5.44098E+01
 -1.19685E+02,-5.46416E+01
 -1.18581E+02,-5.48185E+01
 -1.18313E+02,-5.43503E+01
 -1.18037E+02,-5.36908E+01
 -1.17661E+02,-5.31241E+01
 -1.18977E+02,-5.28974E+01
 -1.18875E+02,-5.27524E+01
 -1.18422E+02,-5.22120E+01
 -1.18120E+02,-5.17718E+01
 -1.17824E+02,-5.13309E+01
 -1.17522E+02,-5.08747E+01
 -1.17225E+02,-5.04178E+01
 -1.16802E+02,-4.98934E+01
 -1.16388E+02,-4.93675E+01
 -1.15233E+02,-4.95892E+01
 -1.14556E+02,-4.97210E+01
 -1.13875E+02,-4.98489E+01
 -1.13745E+02,-4.93574E+01
 -1.13528E+02,-4.88410E+01
 -1.13315E+02,-4.83242E+01
 -1.13131E+02,-4.77733E+01
 -1.12950E+02,-4.72221E+01
 -1.12685E+02,-4.65385E+01
 -1.12426E+02,-4.58544E+01
 -1.12675E+02,-4.58327E+01
 -1.12550E+02,-4.54942E+01
 -1.12381E+02,-4.49378E+01
 -1.12216E+02,-4.43811E+01
 -1.11971E+02,-4.37738E+01
 -1.11730E+02,-4.31659E+01
 -1.11538E+02,-4.26833E+01
 -1.11349E+02,-4.22004E+01
 -1.10954E+02,-4.22487E+01
 -1.10832E+02,-4.13555E+01
 -1.10754E+02,-4.07597E+01
 -1.10677E+02,-4.01638E+01
 -1.10533E+02,-3.95749E+01
 -1.10391E+02,-3.89858E+01
 -1.11270E+02,-3.89785E+01
 -1.11268E+02,-3.88776E+01
 -1.11067E+02,-3.82760E+01
 -1.10869E+02,-3.76741E+01
 -1.10668E+02,-3.70423E+01
 -1.10471E+02,-3.64102E+01
 -1.10739E+02,-3.63578E+01
 -1.10715E+02,-3.62186E+01
 -1.10579E+02,-3.58301E+01
 -1.10895E+02,-3.57967E+01
 -1.10877E+02,-3.53191E+01
 -1.10827E+02,-3.50908E+01
 -1.10827E+02,-3.50908E+01
 -1.11126E+02,-3.49948E+01
 -1.11399E+02,-3.49123E+01
 -1.11756E+02,-3.48114E+01
 -1.12187E+02,-3.46742E+01
 -1.12417E+02,-3.45562E+01
 -1.12562E+02,-3.42996E+01
 -1.12628E+02,-3.39988E+01
 -1.12604E+02,-3.36626E+01
 -1.12504E+02,-3.36498E+01
 -1.12460E+02,-3.33989E+01
 -1.12442E+02,-3.31120E+01
 -1.12418E+02,-3.27938E+01
 -1.12415E+02,-3.24889E+01
 -1.12356E+02,-3.23278E+01
 -1.12151E+02,-3.23426E+01
 -1.12065E+02,-3.21144E+01
 -1.12063E+02,-3.19485E+01
 -1.12041E+02,-3.17737E+01
 -1.12023E+02,-3.15362E+01
 -1.12023E+02,-3.15362E+01
 -1.11964E+02,-3.13905E+01
 -1.11978E+02,-3.13862E+01
 -1.11951E+02,-3.10446E+01
 -1.11885E+02,-3.06658E+01
 -1.11851E+02,-3.06244E+01
 -1.11797E+02,-3.04248E+01
 -1.11775E+02,-3.01873E+01
 -1.11773E+02,-3.00247E+01
 -1.11749E+02,-2.95788E+01
 -1.11806E+02,-2.92656E+01
 -1.12367E+02,-2.91602E+01
 -1.12956E+02,-2.90088E+01
 -1.13020E+02,-2.87872E+01
 -1.13021E+02,-2.85495E+01
 -1.13010E+02,-2.83829E+01
 -1.12934E+02,-2.83794E+01
 -1.12955E+02,-2.81290E+01
 -1.12971E+02,-2.78495E+01
 -1.13001E+02,-2.76074E+01
 -1.13133E+02,-2.75770E+01
 -1.13129E+02,-2.72727E+01
 -1.13112E+02,-2.70143E+01
 -1.12976E+02,-2.68302E+01
 -1.12976E+02,-2.68302E+01
 -1.13608E+02,-2.68088E+01
 -1.13944E+02,-2.67897E+01
 -1.14526E+02,-2.67251E+01
 -1.15105E+02,-2.66040E+01
 -1.15291E+02,-2.64659E+01
 -1.15518E+02,-2.62434E+01
 -1.15769E+02,-2.59677E+01
 -1.16028E+02,-2.56738E+01
 -1.16353E+02,-2.54158E+01
 -1.16490E+02,-2.51720E+01
 -1.16099E+02,-2.48475E+01
 -1.16225E+02,-2.45558E+01
 -1.16184E+02,-2.44583E+01
 -1.15968E+02,-2.43829E+01
 -1.15912E+02,-2.42418E+01
 -1.15482E+02,-2.41051E+01
 -1.15402E+02,-2.40174E+01
 -1.15424E+02,-2.38844E+01
 -1.15599E+02,-2.34684E+01
 -1.15254E+02,-2.33975E+01
 -1.15183E+02,-2.32370E+01
 -1.14962E+02,-2.31789E+01
 -1.14875E+02,-2.30396E+01
 -1.14567E+02,-2.30236E+01
 -1.14498E+02,-2.25426E+01
 -1.14505E+02,-2.21961E+01
 -1.14421E+02,-2.21145E+01
 -1.14421E+02,-2.21145E+01
 -1.14379E+02,-2.16270E+01
 -1.14318E+02,-2.15636E+01
 -1.14229E+02,-2.11213E+01
 -1.14087E+02,-2.05993E+01
 -1.13931E+02,-2.05745E+01
 -1.13796E+02,-2.03210E+01
 -1.13697E+02,-1.99675E+01
 -1.13498E+02,-1.93006E+01
 -1.13623E+02,-1.92852E+01
 -1.13364E+02,-1.87766E+01
 -1.13520E+02,-1.87579E+01
 -1.13383E+02,-1.84442E+01
 -1.13264E+02,-1.80081E+01
 -1.13388E+02,-1.79938E+01
 -1.13174E+02,-1.75384E+01
 -1.13329E+02,-1.75211E+01
 -1.13117E+02,-1.70650E+01
 -1.13241E+02,-1.70515E+01
 -1.13041E+02,-1.66834E+01
 -1.13165E+02,-1.66703E+01
 -1.12973E+02,-1.63609E+01
 -1.13066E+02,-1.63513E+01
 -1.12973E+02,-1.57917E+01
 -1.12869E+02,-1.52478E+01
 -1.12766E+02,-1.47038E+01
 -1.12613E+02,-1.47180E+01
 -1.12581E+02,-1.40619E+01
 -1.12439E+02,-1.38646E+01
 -1.12426E+02,-1.33863E+01
 -1.11846E+02,-1.34645E+01
 -1.11266E+02,-1.35413E+01
 -1.11191E+02,-1.33964E+01
 -1.11007E+02,-1.34108E+01
 -1.10892E+02,-1.27553E+01
 -1.11077E+02,-1.27417E+01
 -1.10926E+02,-1.19684E+01
 -1.10675E+02,-1.14724E+01
 -1.10485E+02,-1.13942E+01
 -1.10447E+02,-1.08224E+01
 -1.10292E+02,-1.08017E+01
 -1.10218E+02,-1.00804E+01
 -1.10071E+02,-9.66505E+00
 -1.09857E+02,-9.67656E+00
 -1.09756E+02,-8.92454E+00
 -1.09038E+02,-9.03537E+00
 -1.08320E+02,-9.14481E+00
 -1.08192E+02,-8.35695E+00
 -1.08063E+02,-8.24014E+00
 -1.07880E+02,-7.51409E+00
 -1.07653E+02,-7.18594E+00
 -1.07607E+02,-6.75924E+00
 -1.07441E+02,-6.36670E+00
 -1.06950E+02,-6.44278E+00
 -1.06845E+02,-6.01620E+00
 -1.06752E+02,-6.01875E+00
 -1.06741E+02,-5.61990E+00
 -1.06587E+02,-5.62383E+00
 -1.06450E+02,-5.04324E+00
 -1.06253E+02,-4.49391E+00
 -1.05544E+02,-4.56935E+00
 -1.05380E+02,-4.07847E+00
 -1.04699E+02,-4.15158E+00
 -1.04539E+02,-3.84440E+00
 -1.03637E+02,-3.95089E+00
 -1.02735E+02,-4.05639E+00
 -1.02571E+02,-3.43472E+00
 -1.02566E+02,-2.93572E+00
 -1.02754E+02,-2.93392E+00
 -1.02687E+02,-2.43571E+00
 -1.02621E+02,-1.90611E+00
 -1.02402E+02,-1.90746E+00
 -1.02307E+02,-1.59589E+00
 -1.02462E+02,-1.53269E+00
 -1.02399E+02,-1.28336E+00
 -1.02524E+02,-1.28284E+00
 -1.02397E+02,-5.03231E-01
 -1.02319E+02,-1.54770E-02
 -1.02319E+02,-1.54770E-02
 -1.02294E+02,+1.57068E-01
 -1.02253E+02,+3.71700E-01
 -1.02210E+02,+7.06338E-01
 -1.02240E+02,+7.12821E-01
 -1.02181E+02,+1.13426E+00
 -1.02181E+02,+1.13426E+00
 -1.02223E+02,+1.21398E+00
 -1.02203E+02,+1.22065E+00
 -1.02243E+02,+1.34857E+00
 -1.02222E+02,+1.36110E+00
 -1.02257E+02,+1.52778E+00
 -1.02230E+02,+1.54137E+00
 -1.02262E+02,+1.75155E+00
 -1.02133E+02,+1.77843E+00
 -1.02104E+02,+1.90382E+00
 -1.02088E+02,+1.90349E+00
 -1.02076E+02,+1.97154E+00
 -1.02075E+02,+2.02449E+00
 -1.02067E+02,+2.13734E+00
 -1.02075E+02,+2.16104E+00
 -1.02080E+02,+2.30830E+00
 -1.02088E+02,+2.32729E+00
 -1.02090E+02,+2.39090E+00
 -1.02085E+02,+2.41199E+00
 -1.02085E+02,+2.48615E+00
 -1.02077E+02,+2.50246E+00
 -1.02082E+02,+2.57438E+00
 -1.02068E+02,+2.63532E+00
 -1.02068E+02,+2.63532E+00
 -1.02109E+02,+2.78564E+00
 -1.02096E+02,+2.79833E+00
 -1.02118E+02,+2.89294E+00
 -1.02145E+02,+2.88876E+00
 -1.02193E+02,+3.07219E+00
 -1.02219E+02,+3.23869E+00
 -1.02219E+02,+3.23869E+00
 -1.02199E+02,+3.45816E+00
 -1.02259E+02,+3.75071E+00
 -1.02184E+02,+3.77753E+00
 -1.02320E+02,+4.65326E+00
 -1.02457E+02,+5.52897E+00
 -1.02558E+02,+6.35535E+00
 -1.02659E+02,+7.18172E+00
 -1.02810E+02,+7.79085E+00
 -1.02961E+02,+8.39993E+00
 -1.03595E+02,+8.37048E+00
 -1.04229E+02,+8.34001E+00
 -1.04258E+02,+8.45574E+00
 -1.04296E+02,+9.17474E+00
 -1.04296E+02,+1.00171E+01
 -1.03598E+02,+1.01232E+01
 -1.03628E+02,+1.02746E+01
 -1.03739E+02,+1.09366E+01
 -1.03807E+02,+1.14045E+01
 -1.03875E+02,+1.18723E+01
 -1.03772E+02,+1.18904E+01
 -1.03927E+02,+1.25868E+01
 -1.04181E+02,+1.33284E+01
 -1.04437E+02,+1.40698E+01
 -1.04563E+02,+1.46722E+01
 -1.04690E+02,+1.52745E+01
 -1.05320E+02,+1.51076E+01
 -1.05357E+02,+1.55576E+01
 -1.05398E+02,+1.62605E+01
 -1.05367E+02,+1.70308E+01
 -1.05399E+02,+1.77679E+01
 -1.05586E+02,+1.78808E+01
 -1.05586E+02,+1.78808E+01
 -1.06308E+02,+1.79290E+01
 -1.06318E+02,+1.80163E+01
 -1.06311E+02,+1.81198E+01
 -1.06281E+02,+1.82814E+01
 -1.06244E+02,+1.85199E+01
 -1.06527E+02,+1.85444E+01
 -1.06756E+02,+1.85899E+01
 -1.07002E+02,+1.86471E+01
 -1.07272E+02,+1.87561E+01
 -1.07523E+02,+1.88632E+01
 -1.07816E+02,+1.89360E+01
 -1.08233E+02,+1.91073E+01
 -1.08198E+02,+1.92235E+01
 -1.08534E+02,+1.93837E+01
 -1.08896E+02,+1.95496E+01
 -1.08903E+02,+1.96255E+01
 -1.09160E+02,+1.98065E+01
 -1.09450E+02,+2.00271E+01
 -1.09373E+02,+2.01418E+01
 -1.09378E+02,+2.01757E+01
 -1.09319E+02,+2.02423E+01
 -1.09215E+02,+2.03973E+01
 -1.09187E+02,+2.04995E+01
 -1.09285E+02,+2.05584E+01
 -1.09261E+02,+2.06426E+01
 -1.09194E+02,+2.07392E+01
 -1.09111E+02,+2.08240E+01
 -1.09013E+02,+2.09490E+01
 -1.08915E+02,+2.10679E+01
 -1.08809E+02,+2.12529E+01
 -1.08977E+02,+2.13470E+01
 -1.08936E+02,+2.14513E+01
 -1.08868E+02,+2.15360E+01
 -1.08784E+02,+2.16428E+01
 -1.08669E+02,+2.17739E+01
 -1.08582E+02,+2.19047E+01
 -1.08582E+02,+2.19047E+01
 -1.08676E+02,+2.19596E+01
 -1.08589E+02,+2.21024E+01
 -1.08516E+02,+2.22011E+01
 -1.08527E+02,+2.22769E+01
 -1.08407E+02,+2.24401E+01
 -1.08273E+02,+2.26134E+01
 -1.08232E+02,+2.27117E+01
 -1.08232E+02,+2.27117E+01
 -1.08010E+02,+2.29857E+01
 -1.08388E+02,+2.30822E+01
 -1.08651E+02,+2.32413E+01
 -1.08357E+02,+2.36135E+01
 -1.08439E+02,+2.36743E+01
 -1.08610E+02,+2.38141E+01
 -1.08806E+02,+2.39844E+01
 -1.09002E+02,+2.41515E+01
 -1.09276E+02,+2.43960E+01
 -1.09062E+02,+2.46582E+01
 -1.09178E+02,+2.47348E+01
 -1.09350E+02,+2.48568E+01
 -1.09591E+02,+2.50163E+01
 -1.09788E+02,+2.51797E+01
 -1.10007E+02,+2.53392E+01
 -1.09806E+02,+2.55567E+01
 -1.09872E+02,+2.56073E+01
 -1.10024E+02,+2.57063E+01
 -1.10291E+02,+2.58895E+01
 -1.10572E+02,+2.60661E+01
 -1.10778E+02,+2.62249E+01
 -1.10680E+02,+2.63605E+01
 -1.10758E+02,+2.64159E+01
 -1.10957E+02,+2.65350E+01
 -1.11228E+02,+2.67234E+01
 -1.11506E+02,+2.69267E+01
 -1.11373E+02,+2.71053E+01
 -1.11569E+02,+2.72152E+01
 -1.11382E+02,+2.74969E+01
 -1.11506E+02,+2.75700E+01
 -1.11711E+02,+2.76935E+01
 -1.12015E+02,+2.79060E+01
 -1.12321E+02,+2.81249E+01
 -1.12589E+02,+2.83223E+01
 -1.12812E+02,+2.84987E+01
 -1.13087E+02,+2.87147E+01
 -1.13339E+02,+2.89498E+01
 -1.13281E+02,+2.90084E+01
 -1.13521E+02,+2.92054E+01
 -1.13775E+02,+2.94397E+01
 -1.13969E+02,+2.96458E+01
 -1.13870E+02,+2.97298E+01
 -1.13758E+02,+2.98344E+01
 -1.13909E+02,+2.99820E+01
 -1.14041E+02,+3.01205E+01
 -1.13807E+02,+3.03135E+01
 -1.13986E+02,+3.05134E+01
 -1.14129E+02,+3.06797E+01
 -1.14303E+02,+3.09123E+01
 -1.14439E+02,+3.10972E+01
 -1.14330E+02,+3.11936E+01
 -1.14118E+02,+3.13557E+01
 -1.14207E+02,+3.14585E+01
 -1.14332E+02,+3.16016E+01
 -1.14522E+02,+3.17860E+01
 -1.14765E+02,+3.19952E+01
 -1.15085E+02,+3.22359E+01
 -1.15330E+02,+3.24183E+01
 -1.15212E+02,+3.25118E+01
 -1.15412E+02,+3.27100E+01
 -1.15581E+02,+3.28760E+01
 -1.15508E+02,+3.29581E+01
 -1.15594E+02,+3.30402E+01
 -1.15717E+02,+3.31297E+01
 -1.15596E+02,+3.32366E+01
 -1.15773E+02,+3.34211E+01
 -1.15773E+02,+3.34211E+01
 -1.16209E+02,+3.37711E+01
 -1.16660E+02,+3.40424E+01
 -1.17159E+02,+3.41811E+01
 -1.17507E+02,+3.43498E+01
 -1.17746E+02,+3.44412E+01
 -1.18072E+02,+3.45641E+01
 -1.18400E+02,+3.46580E+01
 -1.18912E+02,+3.48373E+01
 -1.19329E+02,+3.49812E+01
 -1.19936E+02,+3.54502E+01
 -1.20438E+02,+3.59102E+01
 -1.20897E+02,+3.63377E+01
 -1.21305E+02,+3.66983E+01
 -1.22005E+02,+3.72048E+01
 -1.22380E+02,+3.75270E+01
 -1.22696E+02,+3.78740E+01
 -1.23305E+02,+3.85406E+01
 -1.23597E+02,+3.89971E+01
 -1.23890E+02,+3.94388E+01
 -1.24163E+02,+3.99142E+01
 -1.24416E+02,+4.03107E+01
 -1.24742E+02,+4.03134E+01
 -1.24742E+02,+4.03134E+01
 -1.25450E+02,+4.03541E+01
 -1.26159E+02,+4.03904E+01
 -1.26869E+02,+4.04224E+01
 -1.27579E+02,+4.04500E+01
 -1.27579E+02,+4.05385E+01
 -1.27717E+02,+4.05726E+01
 -1.27639E+02,+4.10807E+01
 -1.27560E+02,+4.15888E+01
 -1.27446E+02,+4.15551E+01
 -1.27401E+02,+4.16405E+01
 -1.27241E+02,+4.16921E+01
 -1.27039E+02,+4.23570E+01
 -1.26627E+02,+4.30136E+01
 -1.27571E+02,+4.34195E+01
 -1.28528E+02,+4.38176E+01
 -1.29498E+02,+4.42075E+01
 -1.30480E+02,+4.45892E+01
 -1.30367E+02,+4.49295E+01
 -1.30069E+02,+4.52854E+01
 -1.30187E+02,+4.54140E+01
 -1.29936E+02,+4.57362E+01
 -1.29869E+02,+4.58960E+01
 -1.30073E+02,+4.59427E+01
 -1.30051E+02,+4.61958E+01
 -1.29917E+02,+4.62291E+01
 -1.29803E+02,+4.64332E+01
 -1.29572E+02,+4.64015E+01
 -1.29259E+02,+4.70647E+01
 -1.28938E+02,+4.77270E+01
 -1.29190E+02,+4.78354E+01
 -1.28940E+02,+4.83236E+01
 -1.29147E+02,+4.84760E+01
 -1.28919E+02,+4.88687E+01
 -1.29705E+02,+4.91768E+01
 -1.30501E+02,+4.94794E+01
 -1.30162E+02,+4.99827E+01
 -1.30300E+02,+5.00554E+01
 -1.30162E+02,+5.02172E+01
 -1.30329E+02,+5.02979E+01
 -1.30254E+02,+5.04647E+01
 -1.30753E+02,+5.09076E+01
 -1.31074E+02,+5.11851E+01
 -1.30850E+02,+5.16121E+01
 -1.30850E+02,+5.16121E+01
 -1.31177E+02,+5.18858E+01
 -1.31592E+02,+5.22591E+01
 -1.32169E+02,+5.26971E+01
 -1.32714E+02,+5.31270E+01
 -1.33093E+02,+5.35217E+01
 -1.33426E+02,+5.39241E+01
 -1.33840E+02,+5.43774E+01
 -1.34151E+02,+5.48122E+01
 -1.34669E+02,+5.53165E+01
 -1.35180E+02,+5.58186E+01
 -1.35429E+02,+5.61024E+01
 -1.35903E+02,+5.66210E+01
 -1.36209E+02,+5.71178E+01
 -1.36522E+02,+5.76342E+01
 -1.36895E+02,+5.80895E+01
 -1.37107E+02,+5.84379E+01
 -1.37819E+02,+5.89251E+01
 -1.38353E+02,+5.93357E+01
 -1.38860E+02,+5.97619E+01
 -1.39396E+02,+6.00897E+01
 -1.40128E+02,+6.03809E+01
 -1.41074E+02,+6.03099E+01
 -1.41598E+02,+6.04009E+01
 -1.42405E+02,+6.04650E+01
 -1.43332E+02,+6.02057E+01
 -1.44316E+02,+5.99182E+01
 -1.44977E+02,+5.95759E+01
 -1.45756E+02,+5.92735E+01
 -1.45756E+02,+5.92735E+01
 -1.46264E+02,+5.88138E+01
 -1.46759E+02,+5.83521E+01
 -1.47449E+02,+5.78319E+01
 -1.48257E+02,+5.73469E+01
 -1.49220E+02,+5.69251E+01
 -1.50081E+02,+5.66229E+01
 -1.50547E+02,+5.64994E+01
 -1.51218E+02,+5.63092E+01
 -1.52227E+02,+5.60583E+01
 -1.53164E+02,+5.56104E+01
 -1.54160E+02,+5.52390E+01
 -1.55239E+02,+5.47845E+01
 -1.56138E+02,+5.45272E+01
 -1.57067E+02,+5.43175E+01
 -1.57986E+02,+5.41008E+01
 -1.59344E+02,+5.38555E+01
 -1.60129E+02,+5.37408E+01
 -1.60910E+02,+5.36209E+01
 -1.61664E+02,+5.34964E+01
 -1.62413E+02,+5.33672E+01
 -1.63177E+02,+5.31800E+01
 -1.63934E+02,+5.29879E+01
 -1.64665E+02,+5.28183E+01
 -1.65390E+02,+5.26443E+01
 -1.66108E+02,+5.24527E+01
 -1.66819E+02,+5.22568E+01
 -1.67990E+02,+5.20007E+01
 -1.68972E+02,+5.17400E+01
 -1.69378E+02,+5.16322E+01
 -1.70159E+02,+5.14395E+01
 -1.70897E+02,+5.13061E+01
 -1.71634E+02,+5.11706E+01
 -1.72484E+02,+5.10693E+01
 -1.73328E+02,+5.09636E+01
 -1.74119E+02,+5.08963E+01
 -1.74907E+02,+5.08258E+01
 -1.75629E+02,+5.07447E+01
 -1.76223E+02,+5.05883E+01
 -1.77088E+02,+5.04960E+01
 -1.77758E+02,+5.04842E+01
 -1.78480E+02,+5.04903E+01
 -1.79202E+02,+5.04965E+01
 +1.79688E+02,+5.05055E+01
 +1.78498E+02,+5.06189E+01
 +1.77680E+02,+5.06976E+01
 +1.76720E+02,+5.08959E+01
 +1.75571E+02,+5.11082E+01
 +1.74219E+02,+5.14030E+01
 +1.72964E+02,+5.16839E+01
 +1.71847E+02,+5.20259E+01
 +1.70700E+02,+5.24979E+01
 +1.69752E+02,+5.28555E+01
 +1.68836E+02,+5.32079E+01
 +1.68188E+02,+5.35694E+01
 +1.67413E+02,+5.39060E+01
 +1.66407E+02,+5.42367E+01
 +1.65771E+02,+5.45884E+01
 +1.64847E+02,+5.49570E+01
 +1.64066E+02,+5.52092E+01
 +1.64066E+02,+5.52092E+01
 +1.63670E+02,+5.47786E+01
 +1.63282E+02,+5.43468E+01
 +1.62790E+02,+5.36249E+01
 +1.62458E+02,+5.30032E+01
 +1.61584E+02,+5.26540E+01
 +1.60945E+02,+5.21588E+01
 +1.60599E+02,+5.14877E+01
 +1.59877E+02,+5.08551E+01
 +1.59174E+02,+5.01545E+01
 +1.58644E+02,+4.98546E+01
 +1.58121E+02,+4.95524E+01
 +1.57568E+02,+4.91072E+01
 +1.57024E+02,+4.86594E+01
 +1.56353E+02,+4.81828E+01
 +1.55742E+02,+4.77246E+01
 +1.55141E+02,+4.72632E+01
 +1.54664E+02,+4.68526E+01
 +1.54195E+02,+4.64400E+01
 +1.53528E+02,+4.58973E+01
 +1.52880E+02,+4.55293E+01
 +1.52240E+02,+4.51576E+01
 +1.51419E+02,+4.47040E+01
 +1.50877E+02,+4.44470E+01
 +1.50339E+02,+4.41874E+01
 +1.49311E+02,+4.37205E+01
 +1.48340E+02,+4.32079E+01
 +1.47345E+02,+4.26851E+01
 +1.46690E+02,+4.23623E+01
 +1.46198E+02,+4.20762E+01
 +1.45710E+02,+4.17880E+01
 +1.45077E+02,+4.13192E+01
 +1.44454E+02,+4.08470E+01
 +1.44454E+02,+4.08470E+01
 +1.44479E+02,+4.05494E+01
 +1.44399E+02,+4.03668E+01
 +1.44328E+02,+4.02029E+01
 +1.44283E+02,+4.00672E+01
 +1.44254E+02,+3.99281E+01
 +1.44225E+02,+3.97667E+01
 +1.44236E+02,+3.95572E+01
 +1.44203E+02,+3.93737E+01
 +1.44189E+02,+3.91233E+01
 +1.44119E+02,+3.89086E+01
 +1.44061E+02,+3.87095E+01
 +1.44017E+02,+3.85356E+01
 +1.43973E+02,+3.83585E+01
 +1.43928E+02,+3.81655E+01
 +1.43888E+02,+3.79281E+01
 +1.43843E+02,+3.77097E+01
 +1.43743E+02,+3.74792E+01
 +1.43637E+02,+3.72899E+01
 +1.43518E+02,+3.70594E+01
 +1.43408E+02,+3.68604E+01
 +1.43275E+02,+3.66488E+01
 +1.43151E+02,+3.65195E+01
 +1.43020E+02,+3.63393E+01
 +1.42887E+02,+3.62636E+01
 +1.42761E+02,+3.61878E+01
 +1.42681E+02,+3.60642E+01
 +1.42606E+02,+3.60009E+01
 +1.42555E+02,+3.59438E+01
 +1.42460E+02,+3.56730E+01
 +1.42325E+02,+3.55027E+01
 +1.42221E+02,+3.53333E+01
 +1.42170E+02,+3.52168E+01
 +1.42067E+02,+3.51636E+01
 +1.42029E+02,+3.48886E+01
 +1.41992E+02,+3.46663E+01
 +1.41883E+02,+3.42127E+01
 +1.41883E+02,+3.42127E+01
 +1.41858E+02,+3.37039E+01
 +1.42012E+02,+3.32525E+01
 +1.41994E+02,+3.25576E+01
 +1.42099E+02,+3.19825E+01
 +1.42159E+02,+3.13152E+01
 +1.42224E+02,+3.07110E+01
 +1.42473E+02,+3.01282E+01
 +1.42507E+02,+2.96208E+01
 +1.42748E+02,+2.89754E+01
 +1.43002E+02,+2.85187E+01
 +1.43172E+02,+2.79407E+01
 +1.43243E+02,+2.74633E+01
 +1.43260E+02,+2.67370E+01
 +1.43231E+02,+2.63289E+01
 +1.43075E+02,+2.56124E+01
 +1.43098E+02,+2.49176E+01
 +1.43096E+02,+2.49092E+01
 +1.43522E+02,+2.43908E+01
 +1.43522E+02,+2.43908E+01
 +1.44022E+02,+2.37644E+01
 +1.44706E+02,+2.32501E+01
 +1.45292E+02,+2.27123E+01
 +1.46062E+02,+2.22015E+01
 +1.46545E+02,+2.17298E+01
 +1.46822E+02,+2.13306E+01
 +1.47019E+02,+2.08051E+01
 +1.47207E+02,+2.03034E+01
 +1.47460E+02,+1.97452E+01
 +1.47619E+02,+1.91724E+01
 +1.47820E+02,+1.86465E+01
 +1.47811E+02,+1.80602E+01
 +1.47856E+02,+1.72831E+01
 +1.47787E+02,+1.65234E+01
 +1.47684E+02,+1.56530E+01
 +1.47462E+02,+1.49661E+01
 +1.47201E+02,+1.42158E+01
 +1.46752E+02,+1.33632E+01
 +1.46221E+02,+1.30015E+01
 +1.45691E+02,+1.26466E+01
 +1.45349E+02,+1.23141E+01
 +1.45024E+02,+1.22112E+01
 +1.44619E+02,+1.20206E+01
 +1.44157E+02,+1.17896E+01
 +1.43503E+02,+1.14936E+01
 +1.43097E+02,+1.15689E+01
 +1.43097E+02,+1.15689E+01
 +1.42961E+02,+1.14031E+01
 +1.42122E+02,+1.12852E+01
 +1.41608E+02,+1.10581E+01
 +1.40772E+02,+1.08578E+01
 +1.40100E+02,+1.09459E+01
 +1.39483E+02,+1.09006E+01
 +1.38813E+02,+1.11214E+01
 +1.38710E+02,+1.06492E+01
 +1.38574E+02,+9.95256E+00
 +1.38359E+02,+9.37865E+00
 +1.38359E+02,+9.37865E+00
 +1.39192E+02,+9.06494E+00
 +1.39886E+02,+8.86631E+00
 +1.40579E+02,+8.66639E+00
 +1.41048E+02,+8.39250E+00
 +1.41517E+02,+8.11804E+00
 +1.42262E+02,+7.61077E+00
 +1.42666E+02,+7.38844E+00
 +1.43070E+02,+7.16576E+00
 +1.43558E+02,+6.80532E+00
 +1.44026E+02,+6.67698E+00
 +1.44664E+02,+6.61101E+00
 +1.45067E+02,+6.50348E+00
 +1.45471E+02,+6.35347E+00
 +1.46001E+02,+6.16022E+00
 +1.46382E+02,+5.88304E+00
 +1.46730E+02,+5.51071E+00
 +1.47078E+02,+5.13818E+00
 +1.47425E+02,+4.76546E+00
 +1.47772E+02,+4.39257E+00
 +1.48191E+02,+3.77564E+00
 +1.48694E+02,+3.13658E+00
 +1.48668E+02,+2.62928E+00
 +1.48684E+02,+2.05827E+00
 +1.48700E+02,+1.48745E+00
 +1.48863E+02,+9.36586E-01
 +1.49112E+02,+4.06263E-01
 +1.49191E+02,-1.43239E-01
 +1.49251E+02,-3.96981E-01
 +1.49270E+02,-6.50210E-01
 +1.49270E+02,-6.50210E-01
 +1.49481E+02,-8.18472E-01
 +1.49769E+02,-1.00453E+00
 +1.50023E+02,-1.02138E+00
 +1.50344E+02,-1.12276E+00
 +1.50717E+02,-1.22404E+00
 +1.51089E+02,-1.30833E+00
 +1.51427E+02,-1.46017E+00
 +1.51816E+02,-1.64562E+00
 +1.52155E+02,-1.86475E+00
 +1.52578E+02,-2.13414E+00
 +1.52916E+02,-2.15020E+00
 +1.53119E+02,-2.20029E+00
 +1.53390E+02,-2.43572E+00
 +1.53542E+02,-2.60389E+00
 +1.53711E+02,-2.68759E+00
 +1.53882E+02,-3.04097E+00
 +1.54035E+02,-3.32680E+00
 +1.54256E+02,-3.61210E+00
 +1.54359E+02,-3.94845E+00
 +1.54700E+02,-4.28294E+00
 +1.54955E+02,-4.55028E+00
 +1.54992E+02,-4.88657E+00
 +1.54978E+02,-5.24012E+00
 +1.54592E+02,-5.58051E+00
 +1.54545E+02,-5.90097E+00
 +1.54533E+02,-6.42324E+00
 +1.54730E+02,-6.85808E+00
 +1.54927E+02,-7.29284E+00
 +1.54927E+02,-7.29284E+00
 +1.55454E+02,-7.48875E+00
 +1.55454E+02,-7.48875E+00
 +1.55812E+02,-7.70595E+00
 +1.56047E+02,-7.88376E+00
 +1.56296E+02,-8.17405E+00
 +1.56296E+02,-8.17405E+00
 +1.56467E+02,-8.38190E+00
 +1.56706E+02,-8.56290E+00
 +1.56782E+02,-8.60178E+00
 +1.56858E+02,-8.61536E+00
 +1.56935E+02,-8.64158E+00
 +1.57049E+02,-8.70619E+00
 +1.57177E+02,-8.74562E+00
 +1.57241E+02,-8.78430E+00
 +1.57317E+02,-8.82313E+00
 +1.57419E+02,-8.90020E+00
 +1.57572E+02,-8.96515E+00
 +1.57648E+02,-9.00394E+00
 +1.57724E+02,-9.06805E+00
 +1.57827E+02,-9.10708E+00
 +1.57916E+02,-9.15863E+00
 +1.57992E+02,-9.21004E+00
 +1.58056E+02,-9.24866E+00
 +1.58145E+02,-9.31285E+00
 +1.58273E+02,-9.39006E+00
 +1.58388E+02,-9.44177E+00
 +1.58478E+02,-9.48058E+00
 +1.58580E+02,-9.50679E+00
 +1.58709E+02,-9.54586E+00
 +1.58773E+02,-9.55904E+00
 +1.58850E+02,-9.58499E+00
 +1.58926E+02,-9.62360E+00
 +1.59003E+02,-9.64952E+00
 +1.59068E+02,-9.68801E+00
 +1.59119E+02,-9.72641E+00
 +1.59170E+02,-9.76480E+00
 +1.59221E+02,-9.82854E+00
 +1.59285E+02,-9.87969E+00
 +1.59362E+02,-9.93092E+00
 +1.59439E+02,-9.96945E+00
 +1.59503E+02,-1.00206E+01
 +1.59580E+02,-1.00844E+01
 +1.59644E+02,-1.01229E+01
 +1.59708E+02,-1.01739E+01
 +1.59772E+02,-1.01997E+01
 +1.59837E+02,-1.02507E+01
 +1.59914E+02,-1.02765E+01
 +1.59978E+02,-1.03149E+01
 +1.60068E+02,-1.03787E+01
 +1.60132E+02,-1.04170E+01
 +1.60210E+02,-1.04681E+01
 +1.60287E+02,-1.05192E+01
 +1.60364E+02,-1.05702E+01
 +1.60493E+02,-1.06341E+01
 +1.60544E+02,-1.06723E+01
 +1.60622E+02,-1.07233E+01
 +1.60725E+02,-1.07870E+01
 +1.60776E+02,-1.08379E+01
 +1.60867E+02,-1.09142E+01
 +1.60931E+02,-1.09651E+01
 +1.60996E+02,-1.10287E+01
 +1.61060E+02,-1.10541E+01
 +1.61125E+02,-1.11304E+01
 +1.61202E+02,-1.11685E+01
 +1.61306E+02,-1.11940E+01
 +1.61384E+02,-1.12321E+01
 +1.61461E+02,-1.12448E+01
 +1.61552E+02,-1.12829E+01
 +1.61720E+02,-1.13209E+01
 +1.61798E+02,-1.13589E+01
 +1.61901E+02,-1.13968E+01
 +1.62018E+02,-1.14220E+01
 +1.62109E+02,-1.14345E+01
 +1.62225E+02,-1.14216E+01
 +1.62354E+02,-1.14212E+01
 +1.62484E+02,-1.14208E+01
 +1.62626E+02,-1.13823E+01
 +1.62833E+02,-1.13560E+01
 +1.63053E+02,-1.13106E+01
 +1.63195E+02,-1.12908E+01
 +1.63311E+02,-1.12647E+01
 +1.63505E+02,-1.12381E+01
 +1.63699E+02,-1.11987E+01
 +1.63854E+02,-1.11848E+01
 +1.63996E+02,-1.11583E+01
 +1.64151E+02,-1.11443E+01
 +1.64267E+02,-1.11179E+01
 +1.64409E+02,-1.10913E+01
 +1.64512E+02,-1.10903E+01
 +1.64641E+02,-1.11143E+01
 +1.64758E+02,-1.11637E+01
 +1.64901E+02,-1.12002E+01
 +1.65070E+02,-1.12869E+01
 +1.65252E+02,-1.14113E+01
 +1.65396E+02,-1.15487E+01
 +1.65514E+02,-1.16864E+01
 +1.65621E+02,-1.18875E+01
 +1.65715E+02,-1.21266E+01
 +1.65770E+02,-1.23157E+01
 +1.65838E+02,-1.25171E+01
 +1.65894E+02,-1.27440E+01
 +1.65909E+02,-1.28703E+01
 +1.65952E+02,-1.30721E+01
 +1.66020E+02,-1.32608E+01
 +1.66090E+02,-1.35126E+01
 +1.66132E+02,-1.36763E+01
 +1.66154E+02,-1.37794E+01
 +1.66154E+02,-1.37794E+01
 +1.67157E+02,-1.36491E+01
 +1.68159E+02,-1.35147E+01
 +1.68596E+02,-1.35142E+01
 +1.68577E+02,-1.36024E+01
 +1.68792E+02,-1.36302E+01
 +1.69026E+02,-1.36393E+01
 +1.69234E+02,-1.36507E+01
 +1.69231E+02,-1.37995E+01
 +1.69456E+02,-1.38111E+01
 +1.69622E+02,-1.38084E+01
 +1.69739E+02,-1.38236E+01
 +1.69739E+02,-1.39535E+01
 +1.70150E+02,-1.39744E+01
 +1.70638E+02,-1.39420E+01
 +1.70642E+02,-1.40878E+01
 +1.70945E+02,-1.40926E+01
 +1.71181E+02,-1.40834E+01
 +1.71295E+02,-1.40659E+01
 +1.71296E+02,-1.37934E+01
 +1.71619E+02,-1.37500E+01
 +1.71972E+02,-1.36778E+01
 +1.72163E+02,-1.35688E+01
 +1.72300E+02,-1.34814E+01
 +1.72434E+02,-1.34349E+01
 +1.72571E+02,-1.34106E+01
 +1.72571E+02,-1.34106E+01
 +1.73049E+02,-1.34895E+01
 +1.73671E+02,-1.35168E+01
 +1.73941E+02,-1.32954E+01
 +1.74482E+02,-1.33961E+01
 +1.74661E+02,-1.34146E+01
 +1.74784E+02,-1.33952E+01
 +1.74898E+02,-1.33345E+01
 +1.75314E+02,-1.32436E+01
 +1.75659E+02,-1.33265E+01
 +1.75947E+02,-1.34221E+01
 +1.76021E+02,-1.36431E+01
 +1.76256E+02,-1.36723E+01
 +1.76618E+02,-1.37312E+01
 +1.76966E+02,-1.38531E+01
 +1.77167E+02,-1.39483E+01
 +1.77417E+02,-1.40551E+01
 +1.77417E+02,-1.40551E+01
 +1.78029E+02,-1.43090E+01
 +1.78469E+02,-1.45006E+01
 +1.79012E+02,-1.47838E+01
 +1.79389E+02,-1.49750E+01
 +1.79790E+02,-1.52177E+01
 -1.79739E+02,-1.55422E+01
 -1.79739E+02,-1.55422E+01
 -1.79444E+02,-1.55268E+01
 -1.79444E+02,-1.55268E+01
 -1.79288E+02,-1.49356E+01
 -1.79048E+02,-1.49275E+01
 -1.78888E+02,-1.42241E+01
 -1.78768E+02,-1.42304E+01
 -1.78733E+02,-1.39861E+01
 -1.78240E+02,-1.43166E+01
 -1.77746E+02,-1.46461E+01
 -1.77415E+02,-1.47064E+01
 -1.76880E+02,-1.46708E+01
 -1.76346E+02,-1.46340E+01
 -1.76346E+02,-1.46340E+01
 -1.75865E+02,-1.44781E+01
 -1.75309E+02,-1.44066E+01
 -1.74754E+02,-1.43339E+01
 -1.74083E+02,-1.43791E+01
 -1.73836E+02,-1.45338E+01
 -1.73836E+02,-1.45338E+01
 -1.73407E+02,-1.45840E+01
 -1.73407E+02,-1.45840E+01
 -1.73273E+02,-1.46967E+01
 -1.73130E+02,-1.47848E+01
 -1.72939E+02,-1.48669E+01
 -1.72774E+02,-1.50330E+01
 -1.72602E+02,-1.51514E+01
 -1.72428E+02,-1.53734E+01
 -1.72355E+02,-1.55611E+01
 -1.72331E+02,-1.57320E+01
 -1.72300E+02,-1.60410E+01
 -1.72307E+02,-1.63319E+01
 -1.72311E+02,-1.67157E+01
 -1.72335E+02,-1.69629E+01
 -1.72374E+02,-1.72706E+01
 -1.72445E+02,-1.76766E+01
 -1.72540E+02,-1.79348E+01
 -1.72591E+02,-1.81523E+01
 -1.72698E+02,-1.84832E+01
 -1.72786E+02,-1.87769E+01
 -1.72874E+02,-1.90710E+01
 -1.72970E+02,-1.94608E+01
 -1.73053E+02,-1.97788E+01
 -1.73218E+02,-2.02040E+01
 -1.73403E+02,-2.05862E+01
 -1.73551E+02,-2.08926E+01
 -1.73703E+02,-2.12476E+01
 -1.73818E+02,-2.15263E+01
 -1.73952E+02,-2.19153E+01
 -1.74139E+02,-2.22898E+01
 -1.74323E+02,-2.26169E+01
 -1.74489E+02,-2.29058E+01
 -1.74663E+02,-2.32205E+01
 -1.74842E+02,-2.35126E+01
 -1.74985E+02,-2.37499E+01
 -1.74985E+02,-2.37499E+01
 -1.75102E+02,-2.40701E+01
 -1.75209E+02,-2.44719E+01
 -1.75229E+02,-2.48362E+01
 -1.75261E+02,-2.51425E+01
 -1.75297E+02,-2.54257E+01
 -1.75382E+02,-2.57295E+01
 -1.75415E+02,-2.60248E+01
 -1.75423E+02,-2.64372E+01
 -1.75400E+02,-2.68569E+01
 -1.75545E+02,-2.73180E+01
 -1.75785E+02,-2.77843E+01
 -1.75885E+02,-2.82638E+01
 -1.75995E+02,-2.86971E+01
 -1.76078E+02,-2.90653E+01
 -1.76153E+02,-2.94691E+01
 -1.76339E+02,-2.98808E+01
 -1.76547E+02,-3.03215E+01
 -1.76690E+02,-3.06779E+01
 -1.76919E+02,-3.10374E+01
 -1.77108E+02,-3.14517E+01
 -1.77301E+02,-3.17932E+01
 -1.77538E+02,-3.19574E+01
 -1.77649E+02,-3.22028E+01
 -1.77666E+02,-3.26959E+01
 -1.77810E+02,-3.31908E+01
 -1.77981E+02,-3.35795E+01
 -1.78208E+02,-3.38459E+01
 -1.78294E+02,-3.42413E+01
 -1.78413E+02,-3.44854E+01
 -1.78539E+02,-3.47058E+01
 -1.78641E+02,-3.50218E+01
 -1.79044E+02,-3.55423E+01
 -1.79371E+02,-3.61790E+01
 -1.79811E+02,-3.67930E+01
 +1.79838E+02,-3.74758E+01
 +1.79569E+02,-3.82045E+01
 +1.79366E+02,-3.85380E+01
 +1.79215E+02,-3.88885E+01
 +1.79125E+02,-3.92296E+01
 +1.78950E+02,-3.96848E+01
 +1.78792E+02,-4.00870E+01
 +1.78566E+02,-4.04240E+01
 +1.78284E+02,-4.08071E+01
 +1.78015E+02,-4.11879E+01
 +1.77607E+02,-4.14997E+01
 +1.77123E+02,-4.16566E+01
 +1.76673E+02,-4.17560E+01
 +1.76081E+02,-4.19100E+01
 +1.75503E+02,-4.20593E+01
 +1.75503E+02,-4.20593E+01
 +1.74988E+02,-4.21219E+01
 +1.74304E+02,-4.22013E+01
 +1.73724E+02,-4.22908E+01
 +1.73126E+02,-4.23917E+01
 +1.72593E+02,-4.24830E+01
 +1.71859E+02,-4.26156E+01
 +1.71473E+02,-4.26755E+01
 +1.71277E+02,-4.27430E+01
 +1.70995E+02,-4.29318E+01
 +1.70638E+02,-4.30879E+01
 +1.70103E+02,-4.33578E+01
 +1.69647E+02,-4.35943E+01
 +1.69136E+02,-4.38453E+01
 +1.68770E+02,-4.40215E+01
 +1.68770E+02,-4.40215E+01
 +1.68488E+02,-4.41660E+01
 +1.68081E+02,-4.43297E+01
 +1.67688E+02,-4.44660E+01
 +1.67368E+02,-4.46478E+01
 +1.67100E+02,-4.48262E+01
 +1.66951E+02,-4.49871E+01
 +1.66951E+02,-4.49871E+01
 +1.66710E+02,-4.52113E+01
 +1.66537E+02,-4.53502E+01
 +1.66377E+02,-4.55150E+01
 +1.66205E+02,-4.57364E+01
 +1.66019E+02,-4.58872E+01
 +1.65920E+02,-4.59581E+01
 +1.65733E+02,-4.60648E+01
 +1.65427E+02,-4.61898E+01
 +1.65168E+02,-4.64052E+01
 +1.65021E+02,-4.66013E+01
 +1.64943E+02,-4.67830E+01
 +1.64923E+02,-4.70108E+01
 +1.64838E+02,-4.71485E+01
 +1.64739E+02,-4.72562E+01
 +1.64699E+02,-4.74439E+01
 +1.64651E+02,-4.75208E+01
 +1.64528E+02,-4.76576E+01
 +1.64480E+02,-4.77595E+01
 +1.64483E+02,-4.79197E+01
 +1.64398E+02,-4.80593E+01
 +1.64389E+02,-4.82020E+01
 +1.64309E+02,-4.82738E+01
 +1.64287E+02,-4.84286E+01
 +1.64215E+02,-4.85916E+01
 +1.64130E+02,-4.87417E+01
 +1.63964E+02,-4.89171E+01
 +1.63868E+02,-4.91157E+01
 +1.63740E+02,-4.93222E+01
 +1.63545E+02,-4.95732E+01
 +1.63448E+02,-4.97612E+01
 +1.63412E+02,-4.98466E+01
 +1.63296E+02,-4.99853E+01
 +1.63235E+02,-5.00787E+01
 +1.63235E+02,-5.00787E+01
 +1.63047E+02,-5.02732E+01
 +1.62963E+02,-5.03688E+01
 +1.62785E+02,-5.04433E+01
 +1.62594E+02,-5.05495E+01
 +1.62453E+02,-5.06679E+01
 +1.62273E+02,-5.08174E+01
 +1.62049E+02,-5.09621E+01
 +1.61825E+02,-5.11182E+01
 +1.61716E+02,-5.11921E+01
 +1.61542E+02,-5.13988E+01
 +1.61368E+02,-5.15421E+01
 +1.61162E+02,-5.17508E+01
 +1.61026E+02,-5.19244E+01
 +1.60762E+02,-5.21656E+01
 +1.60671E+02,-5.22918E+01
 +1.60535E+02,-5.24327E+01
 +1.60342E+02,-5.26336E+01
 +1.60092E+02,-5.28217E+01
 +1.59905E+02,-5.29907E+01
 +1.59731E+02,-5.31704E+01
 +1.59512E+02,-5.33452E+01
 +1.59318E+02,-5.35980E+01
 +1.59216E+02,-5.36195E+01
 +1.59142E+02,-5.38122E+01
 +1.58985E+02,-5.40883E+01
 +1.58885E+02,-5.43080E+01
 +1.58740E+02,-5.45589E+01
 +1.58674E+02,-5.46894E+01
 +1.58618E+02,-5.49279E+01
 +1.58596E+02,-5.50467E+01
 +1.58540E+02,-5.52724E+01
 +1.58465E+02,-5.55216E+01
 +1.58332E+02,-5.57793E+01
 +1.58226E+02,-5.60216E+01
 +1.58153E+02,-5.61647E+01
 +1.58042E+02,-5.63105E+01
 +1.57944E+02,-5.64385E+01
 +1.57823E+02,-5.67248E+01
 +1.57703E+02,-5.69918E+01
 +1.57640E+02,-5.72302E+01
 +1.57615E+02,-5.74740E+01
 +1.57620E+02,-5.77835E+01
 +1.57751E+02,-5.80681E+01
 +1.57920E+02,-5.83342E+01
 +1.58121E+02,-5.86051E+01
 +1.58267E+02,-5.87792E+01
 +1.58385E+02,-5.88581E+01
 +1.58650E+02,-5.90705E+01
 +1.58972E+02,-5.93046E+01
 +1.59186E+02,-5.95107E+01
 +1.59413E+02,-5.97316E+01
 +1.59691E+02,-5.99387E+01
 +1.59803E+02,-6.00055E+01
 +1.59803E+02,-6.00055E+01
 +1.60327E+02,-6.05039E+01
 +1.60740E+02,-6.10526E+01
 +1.61129E+02,-6.13842E+01
 +1.61228E+02,-6.14567E+01
 +1.61228E+02,-6.14567E+01
