 +1.32824E+02,+3.07544E+01
 +1.32630E+02,+3.04926E+01
 +1.32402E+02,+3.02149E+01
 +1.32073E+02,+2.98177E+01
 +1.31760E+02,+2.93921E+01
 +1.31628E+02,+2.89874E+01
 +1.31524E+02,+2.88591E+01
 +1.31467E+02,+2.87508E+01
 +1.31309E+02,+2.84508E+01
 +1.31097E+02,+2.83182E+01
 +1.30649E+02,+2.81358E+01
 +1.30523E+02,+2.77094E+01
 +1.30211E+02,+2.72135E+01
 +1.29785E+02,+2.66709E+01
 +1.29360E+02,+2.61908E+01
 +1.28978E+02,+2.58591E+01
 +1.28462E+02,+2.54576E+01
 +1.28462E+02,+2.54576E+01
 +1.27907E+02,+2.49690E+01
 +1.27398E+02,+2.45029E+01
 +1.26901E+02,+2.41011E+01
 +1.26426E+02,+2.37606E+01
 +1.25954E+02,+2.34977E+01
 +1.25550E+02,+2.33799E+01
 +1.25550E+02,+2.33799E+01
 +1.25042E+02,+2.34009E+01
 +1.24534E+02,+2.34203E+01
 +1.24026E+02,+2.34381E+01
 +1.23518E+02,+2.34541E+01
 +1.23010E+02,+2.34686E+01
 +1.22501E+02,+2.36429E+01
 +1.22140E+02,+2.39492E+01
 +1.21779E+02,+2.42554E+01
 +1.21575E+02,+2.46914E+01
 +1.21575E+02,+2.46914E+01
 +1.21335E+02,+2.49630E+01
 +1.21335E+02,+2.49630E+01
 +1.20981E+02,+2.46536E+01
 +1.20546E+02,+2.39788E+01
 +1.20360E+02,+2.31983E+01
 +1.20394E+02,+2.25813E+01
 +1.20425E+02,+2.20434E+01
 +1.20452E+02,+2.16321E+01
 +1.20452E+02,+2.16321E+01
 +1.20344E+02,+2.12021E+01
 +1.20290E+02,+2.06307E+01
 +1.20502E+02,+2.02550E+01
 +1.20441E+02,+1.99370E+01
 +1.20115E+02,+1.94868E+01
 +1.19795E+02,+1.88781E+01
 +1.19279E+02,+1.82014E+01
 +1.19161E+02,+1.76290E+01
 +1.19248E+02,+1.68402E+01
 +1.19255E+02,+1.65557E+01
 +1.19255E+02,+1.65557E+01
 +1.19728E+02,+1.64070E+01
 +1.20201E+02,+1.62573E+01
 +1.20673E+02,+1.61065E+01
 +1.21145E+02,+1.59547E+01
 +1.21616E+02,+1.58018E+01
 +1.22086E+02,+1.56479E+01
 +1.22555E+02,+1.54930E+01
 +1.23024E+02,+1.53372E+01
 +1.23492E+02,+1.51804E+01
 +1.23959E+02,+1.50226E+01
 +1.24425E+02,+1.48639E+01
 +1.24891E+02,+1.47042E+01
 +1.24891E+02,+1.47042E+01
 +1.25150E+02,+1.41321E+01
 +1.25494E+02,+1.33056E+01
 +1.25686E+02,+1.28181E+01
 +1.26137E+02,+1.22653E+01
 +1.26240E+02,+1.16304E+01
 +1.26214E+02,+1.10599E+01
 +1.26573E+02,+1.02964E+01
 +1.26824E+02,+9.44925E+00
 +1.27053E+02,+8.75031E+00
 +1.27219E+02,+8.13649E+00
 +1.27234E+02,+7.29165E+00
 +1.27250E+02,+6.44683E+00
 +1.27459E+02,+5.89653E+00
 +1.27498E+02,+5.47404E+00
 +1.27836E+02,+5.22401E+00
 +1.28151E+02,+4.76318E+00
 +1.28387E+02,+4.33466E+00
 +1.28684E+02,+3.70046E+00
 +1.28998E+02,+3.11403E+00
 +1.29217E+02,+2.67063E+00
 +1.29246E+02,+1.92806E+00
 +1.29197E+02,+1.05932E+00
 +1.29197E+02,+1.05932E+00
 +1.29989E+02,+6.84156E-01
 +1.30546E+02,+4.74879E-01
 +1.31102E+02,+2.65561E-01
 +1.31738E+02,+1.49742E-01
 +1.32373E+02,+3.39015E-02
 +1.32515E+02,+1.70583E-02
 +1.32515E+02,+1.70583E-02
 +1.32651E+02,+8.11580E-01
 +1.32720E+02,+1.16455E+00
 +1.32734E+02,+1.72846E+00
 +1.32766E+02,+2.25688E+00
 +1.32817E+02,+2.53873E+00
 +1.32850E+02,+2.90828E+00
 +1.32795E+02,+3.31224E+00
 +1.32740E+02,+3.69833E+00
 +1.32790E+02,+4.11986E+00
 +1.32911E+02,+4.45382E+00
 +1.33032E+02,+4.78754E+00
 +1.33189E+02,+5.01620E+00
 +1.33240E+02,+5.34909E+00
 +1.33308E+02,+5.73427E+00
 +1.33429E+02,+5.96222E+00
 +1.33674E+02,+6.15594E+00
 +1.33989E+02,+6.33263E+00
 +1.34269E+02,+6.61025E+00
 +1.34521E+02,+6.99019E+00
 +1.34521E+02,+6.99019E+00
 +1.35415E+02,+6.89507E+00
 +1.36183E+02,+6.98895E+00
 +1.36759E+02,+7.36771E+00
 +1.37144E+02,+7.61961E+00
 +1.37529E+02,+7.87117E+00
 +1.37982E+02,+8.53360E+00
 +1.38309E+02,+9.19616E+00
 +1.38359E+02,+9.37865E+00
 +1.38359E+02,+9.37865E+00
 +1.38574E+02,+9.95256E+00
 +1.38710E+02,+1.06492E+01
 +1.38813E+02,+1.11214E+01
 +1.39483E+02,+1.09006E+01
 +1.40100E+02,+1.09459E+01
 +1.40772E+02,+1.08578E+01
 +1.41608E+02,+1.10581E+01
 +1.42122E+02,+1.12852E+01
 +1.42961E+02,+1.14031E+01
 +1.43097E+02,+1.15689E+01
 +1.43097E+02,+1.15689E+01
 +1.43082E+02,+1.17921E+01
 +1.43106E+02,+1.20301E+01
 +1.43143E+02,+1.22650E+01
 +1.43239E+02,+1.24781E+01
 +1.43403E+02,+1.26947E+01
 +1.43510E+02,+1.28222E+01
 +1.43662E+02,+1.30577E+01
 +1.43771E+02,+1.32676E+01
 +1.43871E+02,+1.35409E+01
 +1.43903E+02,+1.36235E+01
 +1.43942E+02,+1.38108E+01
 +1.43976E+02,+1.40870E+01
 +1.44082E+02,+1.46394E+01
 +1.44216E+02,+1.46557E+01
 +1.44334E+02,+1.48845E+01
 +1.44530E+02,+1.49167E+01
 +1.44453E+02,+1.55256E+01
 +1.44799E+02,+1.56531E+01
 +1.44792E+02,+1.61227E+01
 +1.44841E+02,+1.64780E+01
 +1.44798E+02,+1.69793E+01
 +1.44671E+02,+1.74201E+01
 +1.44970E+02,+1.75346E+01
 +1.44773E+02,+1.78295E+01
 +1.44706E+02,+1.80198E+01
 +1.44663E+02,+1.81656E+01
 +1.44626E+02,+1.83591E+01
 +1.44601E+02,+1.87556E+01
 +1.44543E+02,+1.90727E+01
 +1.44527E+02,+1.91234E+01
 +1.44252E+02,+1.97253E+01
 +1.44137E+02,+1.97533E+01
 +1.44083E+02,+1.98577E+01
 +1.43970E+02,+2.01109E+01
 +1.43842E+02,+2.04178E+01
 +1.43575E+02,+2.03968E+01
 +1.43493E+02,+2.05325E+01
 +1.43392E+02,+2.07283E+01
 +1.43281E+02,+2.09619E+01
 +1.43321E+02,+2.10606E+01
 +1.43280E+02,+2.13203E+01
 +1.43218E+02,+2.16590E+01
 +1.43150E+02,+2.19278E+01
 +1.42997E+02,+2.21385E+01
 +1.42774E+02,+2.23766E+01
 +1.42560E+02,+2.26620E+01
 +1.42257E+02,+2.30091E+01
 +1.42257E+02,+2.30091E+01
 +1.42886E+02,+2.37012E+01
 +1.43522E+02,+2.43908E+01
 +1.43522E+02,+2.43908E+01
 +1.43096E+02,+2.49092E+01
 +1.43098E+02,+2.49176E+01
 +1.43075E+02,+2.56124E+01
 +1.43231E+02,+2.63289E+01
 +1.43260E+02,+2.67370E+01
 +1.43243E+02,+2.74633E+01
 +1.43172E+02,+2.79407E+01
 +1.43002E+02,+2.85187E+01
 +1.42748E+02,+2.89754E+01
 +1.42507E+02,+2.96208E+01
 +1.42473E+02,+3.01282E+01
 +1.42224E+02,+3.07110E+01
 +1.42159E+02,+3.13152E+01
 +1.42099E+02,+3.19825E+01
 +1.41994E+02,+3.25576E+01
 +1.42012E+02,+3.32525E+01
 +1.41858E+02,+3.37039E+01
 +1.41883E+02,+3.42127E+01
 +1.41883E+02,+3.42127E+01
 +1.41441E+02,+3.43565E+01
 +1.41104E+02,+3.44389E+01
 +1.40870E+02,+3.45295E+01
 +1.40440E+02,+3.46310E+01
 +1.39923E+02,+3.47126E+01
 +1.39429E+02,+3.48599E+01
 +1.39234E+02,+3.50141E+01
 +1.38674E+02,+3.50337E+01
 +1.38674E+02,+3.50337E+01
 +1.38508E+02,+3.45822E+01
 +1.38383E+02,+3.40590E+01
 +1.38066E+02,+3.37495E+01
 +1.37546E+02,+3.34046E+01
 +1.37030E+02,+3.30526E+01
 +1.36524E+02,+3.28681E+01
 +1.36025E+02,+3.26860E+01
 +1.35612E+02,+3.25372E+01
 +1.35356E+02,+3.24600E+01
 +1.35026E+02,+3.23264E+01
 +1.34691E+02,+3.21997E+01
 +1.34042E+02,+3.18821E+01
 +1.33500E+02,+3.15152E+01
 +1.33197E+02,+3.12162E+01
 +1.32965E+02,+3.09698E+01
 +1.32824E+02,+3.07544E+01
 +1.32824E+02,+3.07544E+01
