 +1.38972E+02,-1.60750E+00
 +1.39205E+02,-2.09261E+00
 +1.39439E+02,-2.57768E+00
 +1.39809E+02,-3.17775E+00
 +1.40070E+02,-3.64451E+00
 +1.40328E+02,-4.04505E+00
 +1.40566E+02,-4.58570E+00
 +1.40798E+02,-5.10959E+00
 +1.40798E+02,-5.10959E+00
 +1.40847E+02,-5.14497E+00
 +1.41483E+02,-5.72740E+00
 +1.42231E+02,-5.98645E+00
 +1.42956E+02,-6.29475E+00
 +1.43569E+02,-6.55817E+00
 +1.44136E+02,-6.81309E+00
 +1.44740E+02,-7.02342E+00
 +1.45249E+02,-7.37364E+00
 +1.45666E+02,-7.66091E+00
 +1.46398E+02,-8.10254E+00
 +1.46918E+02,-8.41044E+00
 +1.46954E+02,-8.59828E+00
 +1.46954E+02,-8.59828E+00
 +1.47539E+02,-8.88649E+00
 +1.48207E+02,-9.21176E+00
 +1.48751E+02,-9.56973E+00
 +1.49133E+02,-9.35255E+00
 +1.49676E+02,-9.80087E+00
 +1.50245E+02,-9.94531E+00
 +1.50466E+02,-9.68686E+00
 +1.51005E+02,-9.68138E+00
 +1.51545E+02,-9.67589E+00
 +1.51654E+02,-9.76005E+00
 +1.51654E+02,-9.76005E+00
 +1.51834E+02,-9.76114E+00
 +1.51838E+02,-9.90561E+00
 +1.51918E+02,-9.93028E+00
 +1.52024E+02,-9.94203E+00
 +1.52086E+02,-9.94400E+00
 +1.52214E+02,-9.94533E+00
 +1.52223E+02,-1.00390E+01
 +1.52413E+02,-1.00473E+01
 +1.52547E+02,-1.00560E+01
 +1.52651E+02,-1.00777E+01
 +1.52849E+02,-1.00881E+01
 +1.52855E+02,-1.03844E+01
 +1.53174E+02,-1.03981E+01
 +1.53362E+02,-1.03981E+01
 +1.53552E+02,-1.03550E+01
 +1.53752E+02,-1.03446E+01
 +1.53847E+02,-1.03254E+01
 +1.54010E+02,-1.03407E+01
 +1.54125E+02,-1.03313E+01
 +1.54169E+02,-1.03230E+01
 +1.54219E+02,-1.02792E+01
 +1.54218E+02,-9.91264E+00
 +1.54379E+02,-9.87219E+00
 +1.54596E+02,-9.81056E+00
 +1.54719E+02,-9.76305E+00
 +1.54849E+02,-9.72297E+00
 +1.54856E+02,-9.83902E+00
 +1.54951E+02,-9.83485E+00
 +1.55070E+02,-9.79486E+00
 +1.55172E+02,-9.72993E+00
 +1.55172E+02,-9.62138E+00
 +1.55291E+02,-9.55615E+00
 +1.55347E+02,-9.53242E+00
 +1.55436E+02,-9.49296E+00
 +1.55473E+02,-9.56795E+00
 +1.55577E+02,-9.53069E+00
 +1.55599E+02,-9.58072E+00
 +1.55708E+02,-9.54838E+00
 +1.55797E+02,-9.52648E+00
 +1.55813E+02,-9.57154E+00
 +1.55908E+02,-9.55456E+00
 +1.55979E+02,-9.54810E+00
 +1.55989E+02,-9.55797E+00
 +1.56086E+02,-9.53838E+00
 +1.56066E+02,-9.40524E+00
 +1.56124E+02,-9.38140E+00
 +1.56101E+02,-9.26847E+00
 +1.56258E+02,-9.22502E+00
 +1.56350E+02,-9.20553E+00
 +1.56428E+02,-9.17875E+00
 +1.56390E+02,-8.80938E+00
 +1.56361E+02,-8.59844E+00
 +1.56331E+02,-8.38495E+00
 +1.56296E+02,-8.17405E+00
 +1.56296E+02,-8.17405E+00
 +1.56047E+02,-7.88376E+00
 +1.55812E+02,-7.70595E+00
 +1.55454E+02,-7.48875E+00
 +1.55454E+02,-7.48875E+00
 +1.55262E+02,-7.62863E+00
 +1.54872E+02,-7.96237E+00
 +1.54481E+02,-8.29620E+00
 +1.54087E+02,-8.63265E+00
 +1.53697E+02,-8.96649E+00
 +1.53255E+02,-9.18615E+00
 +1.53255E+02,-9.18615E+00
 +1.53237E+02,-8.88951E+00
 +1.53170E+02,-8.78265E+00
 +1.53108E+02,-8.68401E+00
 +1.52959E+02,-8.54419E+00
 +1.52685E+02,-8.38779E+00
 +1.52411E+02,-8.26014E+00
 +1.52062E+02,-8.10364E+00
 +1.51680E+02,-7.95532E+00
 +1.51307E+02,-7.85219E+00
 +1.50917E+02,-7.75724E+00
 +1.50555E+02,-7.68698E+00
 +1.50173E+02,-7.62900E+00
 +1.49866E+02,-7.61219E+00
 +1.49609E+02,-7.62419E+00
 +1.49334E+02,-7.66492E+00
 +1.49148E+02,-7.66468E+00
 +1.48944E+02,-7.60693E+00
 +1.48733E+02,-7.47525E+00
 +1.48587E+02,-7.39451E+00
 +1.48587E+02,-7.39451E+00
 +1.48010E+02,-7.31238E+00
 +1.47476E+02,-7.10285E+00
 +1.46956E+02,-6.71785E+00
 +1.46497E+02,-6.51288E+00
 +1.46007E+02,-6.11228E+00
 +1.45505E+02,-5.76218E+00
 +1.45007E+02,-5.20188E+00
 +1.44867E+02,-4.96807E+00
 +1.44733E+02,-4.69723E+00
 +1.44583E+02,-4.37576E+00
 +1.44416E+02,-4.00368E+00
 +1.44079E+02,-3.76571E+00
 +1.43743E+02,-3.46045E+00
 +1.43743E+02,-3.46045E+00
 +1.43508E+02,-3.15594E+00
 +1.43172E+02,-3.05310E+00
 +1.42936E+02,-3.01814E+00
 +1.42633E+02,-2.93233E+00
 +1.42449E+02,-2.81358E+00
 +1.42246E+02,-2.69310E+00
 +1.42246E+02,-2.69310E+00
 +1.41868E+02,-2.39843E+00
 +1.41594E+02,-2.27205E+00
 +1.41195E+02,-2.16673E+00
 +1.40837E+02,-1.89328E+00
 +1.40226E+02,-1.76738E+00
 +1.39805E+02,-1.55742E+00
 +1.39257E+02,-1.38997E+00
 +1.38793E+02,-1.15941E+00
 +1.38793E+02,-1.15941E+00
 +1.38972E+02,-1.60750E+00
 +1.38972E+02,-1.60750E+00
